0.378883
0.320716
0.12381
0.194369
-0.582232
-0.228689
0.0370916
-0.00671487
-0.138206
0.30113
0.0813306
0.172048
-0.00699831
0.211239
-0.169975
0.283858
-0.125175
0.00829448
-0.809266
-0.893667
-0.860325
-0.588332
-0.588332
-0.357307
-0.188169
0.0181784
0.0763664
-0.118
-0.0868285
0.0159483
0.0115196
0.0458328
-0.143924
-0.594322
-0.905848
-0.819403
-0.49701
-0.0255041
0.00345537
-0.407728
0.195974
0.0183484
0.53632
0.53632
0.777765
-0.0635283
0.0109577
-0.0181024
-0.192828
0.0226642
0.0573487
0.075393
0.843778
0.935201
0.689378
0.602342
0.306563
0.67125
0.435926
0.00860138
-0.259298
0.252363
-0.298576
0.016504
-0.144971
0.419671
0.441876
0.428895
0.774983
0.250467
0.645553
0.658542
0.108447
-0.125038
-0.818747
-0.597799
-0.846441
-0.431698
-0.240507
-0.483855
-0.694311
-0.760416
-0.309975
0.10013
0.245256
-0.0589645
-0.0892325
0.149484
0.419821
-0.456989
-0.558289
0.0604719
0.438235
0.621501
0.201588
0.498063
0.386657
-0.375307
-0.771168
-0.253183
-0.197102
-0.735427
-0.0514673
0.250172
-0.0328223
0.0824
-0.143088
-0.213536
-0.159285
-0.159285
-0.834701
-0.379345
0.477193
0.566492
0.354045
0.238857
0.0428866
-0.266239
-0.352224
-0.662319
-0.345364
-0.617347
-0.335877
-0.354586
-0.530943
-0.993929
-0.837854
-0.837854
-0.356296
0.258112
-0.206709
-0.523611
-0.189085
-0.51488
0.120717
0.623623
0.170831
0.337854
-0.446053
-0.560257
-0.290842
-0.0987874
-0.0987874
-0.699059
-0.625144
-0.632948
-0.698349
-0.375503
0.00924939
-0.322997
-1.34751
-0.960121
-1.64201
-1.0815
-0.484641
0.0229531
0.066868
0.0307136
-0.805319
0.207963
-0.814491
-1.11791
-1.61404
-1.54288
-0.96866
-0.158474
0.0270129
0.749365
0.637955
-0.184029
-1.13281
-1.32154
-0.0797412
-0.0126969
-0.214233
-0.0169799
-0.343858
-0.0499706
-0.562435
-0.013766
-0.309764
-0.706766
-0.244579
0.0750098
-0.192828
-0.893976
-0.606566
-0.669646
-0.648855
-0.723845
-0.798685
-0.128745
-0.089911
0.322696
0.59533
0.501309
0.425246
0.723844
0.0537066
-0.101482
-0.0371811
-0.757132
-0.320471
-0.919295
-0.983745
-0.989044
-0.589166
-0.664973
-0.131487
-0.131487
-0.0436145
0.206042
0.245007
7.97164e-05
-0.133604
-0.650283
-0.592738
-0.524733
-0.0169978
-0.0169978
-0.0169978
0.0883288
-0.201031
-0.00345054
-0.601741
-0.215701
-0.545235
-0.424321
-0.625237
-0.975589
-0.935073
-0.935073
-0.623041
-0.377062
-0.471089
-0.354152
-0.874497
-0.797039
-0.349147
0.0866281
0.0866281
-0.234866
-0.321214
-0.831955
-0.364043
-0.364043
0.246424
0.046986
0.249977
0.369696
0.267578
-0.156026
0.611163
0.336138
0.595582
0.182513
0.508498
-0.112359
-0.567634
-0.657604
-0.411655
0.0809017
0.223744
0.0599486
-0.503093
0.00313257
-0.304138
-0.653508
-0.653508
-0.552915
-0.92696
-0.602368
-0.266084
-0.600964
0.0374225
-0.523677
-0.0676576
0.248326
0.818478
0.231055
-0.308759
-0.207107
-0.911851
-0.403726
-0.895557
-0.929621
-0.762827
-0.346416
-0.759157
-0.759721
-0.520953
-0.54949
-0.163244
0.226487
-0.365263
-0.365263
-0.576208
-0.284222
-0.284222
-0.508113
-0.522325
-0.385506
0.0864296
-0.520263
-0.756507
-0.676609
-0.676609
-0.676609
-0.676609
-0.676609
-0.676609
-0.842012
-0.842012
-0.905843
-0.83879
-0.673668
-0.323422
0.400414
0.163209
-0.1566
-0.1566
-0.898872
-0.559057
-0.525982
-0.668682
-0.668682
-0.543566
-0.236981
-0.236981
-0.531418
-0.677173
-0.677899
-0.24718
-0.889389
-0.838765
-0.838765
-0.980206
-0.966566
-0.803266
-0.720655
-0.104001
-0.0457581
0.159222
0.00350956
0.316146
0.091024
0.474242
0.928591
0.549733
-0.0459466
-0.0433654
-0.82629
-0.82629
-0.869554
-0.243124
-0.588487
-0.549214
-0.477952
-0.11783
-0.11783
0.517077
0.10959
0.221583
0.221583
0.793762
0.26015
0.68051
0.167917
-0.45272
-0.653641
-0.653641
-0.653641
-0.653641
-0.482549
-0.482549
-0.252707
-0.252707
-0.749274
-0.534207
-0.0947587
0.0415041
-0.014054
0.682307
0.484824
0.484824
0.486711
0.675339
0.184687
0.078574
0.0679877
-0.0718974
0.0112184
-0.150818
-0.310938
-0.435802
-0.435802
0.155694
0.51091
0.51091
0.148914
-0.348559
0.237971
0.619563
0.619563
0.539425
0.763908
0.591824
0.590282
-0.186148
-0.614243
0.00744121
0.449194
0.449194
0.449194
0.615172
0.550047
0.632033
0.31853
0.31853
0.0761372
-0.13409
-0.0833802
-0.836656
-0.974056
-0.974056
-0.974056
-0.889912
-0.665579
-0.151177
-0.151177
-0.140904
-0.140904
-0.140904
-0.388725
-0.854946
-0.854946
-0.806792
-0.806792
-0.806792
-0.696789
-0.910233
-0.492101
-0.544233
-0.349958
-0.218667
-0.410092
-0.479115
-0.827329
-0.827329
-0.67462
-0.983679
-0.554687
-0.554687
-0.554687
-0.561033
-0.635297
-0.891801
-0.891801
-0.481133
0.114844
0.0983908
-0.331951
-0.861286
-0.368284
-0.0180136
0.433509
0.145812
0.534094
0.497284
-0.0655042
-0.0655042
-0.202242
-0.202242
-0.256671
0.0788979
0.0788979
0.0788979
0.625919
0.0952552
0.0609498
0.158363
-0.288676
-0.288676
0.177586
-0.010345
-0.0496627
-0.2774
-0.2774
-0.75468
-0.781777
-0.159264
0.206734
0.0329287
-0.319053
-0.310966
0.446534
0.479938
0.496251
0.878409
0.413895
-0.333204
-0.333204
-0.824377
-0.838964
-0.761102
-0.150886
-0.462507
-0.719089
-0.416202
-0.416202
-0.416202
-0.225008
-0.225008
-0.101191
0.137449
0.137449
-0.248998
-0.421462
-0.340743
0.0827981
0.0827981
0.222174
0.222174
-0.117107
-0.117107
-0.0644538
-0.0644538
-0.254564
-0.254564
0.117449
-0.151798
-0.151798
-0.151798
-0.222566
-0.235848
0.200732
-0.134022
-0.134022
-0.134022
-0.328632
0.445085
0.587745
0.701918
-0.0355192
-0.0307338
-0.0307338
0.00057403
0.00057403
-0.00322759
0.183837
0.0727141
-0.0897975
-0.0790119
-0.0790119
0.108483
0.368109
0.368109
0.79735
0.937356
0.992856
0.454123
0.0173594
-0.214897
-0.214897
-0.214897
-0.0230687
2.64991e-05
-0.198933
-0.198933
-0.198933
-0.0474016
-0.0474016
-0.0474016
-0.0687747
-0.0687747
0.765609
0.90263
0.92298
0.826921
0.517977
0.153898
-0.580023
-0.989626
-0.989626
-0.989626
-0.989626
-0.989626
-0.989626
-0.972712
-0.932397
-0.775742
-0.40095
-0.149885
-0.470528
-0.436789
-0.457463
-0.875437
-0.856984
-0.856984
-0.856984
-0.856804
-0.856804
-0.871311
-0.681309
-0.681309
-0.92242
-0.92242
-0.973438
-0.973438
-0.973438
-0.855431
-0.855431
-0.943935
-0.943935
-0.943935
-0.943935
-0.943935
-0.943935
-0.943935
-0.905391
-0.703931
-0.709455
-0.798092
-0.798092
-0.655899
-0.655899
-0.861111
-0.861111
-0.861111
-0.808538
-0.808538
-0.845372
-0.845372
-0.845372
-0.845372
-0.846805
-0.593004
-0.991057
-0.991057
-0.967343
-0.755995
-0.966288
-0.966288
-0.966288
-0.996119
-0.996119
-0.979575
-0.979575
-0.979575
-0.979575
-0.979575
-0.979575
-0.835696
-0.99548
-0.758989
-0.758989
-0.758989
-0.980115
-0.793347
-0.793347
-0.793347
-0.793347
-0.793347
-0.907483
-0.645464
-0.645464
-0.120412
-0.778139
-0.528054
-0.528054
-0.528054
-0.528054
-0.528054
-0.984622
-0.984622
-0.984622
-0.842336
-0.842336
-0.84532
-0.84532
-0.977579
-0.977579
-0.959022
-0.959022
-0.879267
-0.849456
-0.886195
-0.886195
-0.722694
-0.722694
-0.786806
-0.957924
-0.957924
-0.62912
-0.149494
-0.374071
-0.899749
-0.899749
-0.977358
-0.977358
-0.977358
-0.873709
-0.934363
-0.934363
-0.934363
-0.994824
-0.982213
-0.982213
-0.982213
-0.982213
-0.982213
-0.982213
-0.982213
-0.982213
-0.982213
-0.982213
-0.982213
-0.982213
-0.982213
-0.982213
-0.982213
-0.982213
-0.982213
-0.982213
-0.982213
-0.982213
-0.999657
-0.999657
-0.984234
-0.984234
-0.984234
-0.984234
-0.984234
-0.984234
-0.984234
-0.984234
-0.984234
-0.984234
-0.984234
-0.984234
-0.984234
-0.94841
-0.94841
-0.94841
-0.94841
-0.94841
-0.898736
-0.898736
-0.513269
-0.513269
-0.681728
-0.944228
-0.938286
-0.938286
-0.938286
-0.938286
-0.938286
-0.938286
-0.886186
-0.886186
-0.892396
-0.892396
-0.944352
-0.944352
-0.944352
-0.944352
-0.944352
-0.944352
-0.944352
-0.944352
-0.944352
-0.944352
-0.944352
-0.994874
-0.994874
-0.994874
-0.994874
-0.994874
-0.994874
-0.994874
-0.994874
-0.994874
-0.994874
-0.994874
-0.994874
-0.994874
-0.994874
-0.994874
-0.994874
-0.994874
-0.994874
-0.994874
-0.994874
-0.994874
-0.994874
-0.994874
-0.994874
-0.994874
-0.994874
-0.994874
-0.994874
-0.994874
-0.994874
-0.994874
-0.994874
-0.994874
-0.994874
-0.994874
-0.994874
-0.994874
-0.972713
-0.972713
-0.972713
-0.972713
-0.972713
-0.972713
-0.972713
-0.972713
-0.972713
-0.972713
-0.972713
-0.972713
-0.972713
-0.972713
-0.972713
-0.972713
-0.972713
-0.972713
-0.972713
-0.966103
-0.966103
-0.966103
-0.966103
-0.966103
-0.966103
-0.966103
-0.966103
-0.966103
-0.97024
-0.990813
-0.990813
-0.990813
-0.990813
-0.990813
-0.990813
-0.990813
-0.990813
-0.990813
-0.990813
-0.990813
-0.990813
-0.990813
-0.990813
-0.990813
-0.990813
-0.989968
-0.989968
-0.989968
-0.989968
-0.989968
-0.989968
-0.989968
-0.989968
-0.989968
-0.989968
-0.989968
-0.989968
-0.989968
-0.989968
-0.989968
-0.992357
-0.992357
-0.94244
-0.94244
-0.944499
-0.944499
-0.944499
-0.944499
-0.851602
-0.851602
-0.851602
-0.851602
-0.851602
-0.851602
-0.851602
-0.851602
-0.985141
-0.985141
-0.985141
-0.985141
-0.985141
-0.985141
-0.985141
-0.985141
-0.985141
-0.985141
-0.985141
-0.985141
-0.985141
-0.985141
-0.988334
-0.988334
-0.988334
-0.988334
-0.988334
-0.988334
-0.988334
-0.988334
-0.988334
-0.988334
-0.988334
-0.988334
-0.988334
-0.988334
-0.988334
-0.988334
-0.988334
-0.988334
-0.988334
-0.988334
-0.988334
-0.988334
-0.988334
-0.988334
-0.988334
-0.988334
-0.988334
-0.988334
-0.988334
-0.988334
-0.988334
-0.988334
-0.988334
-0.988334
-0.988334
-0.988334
-0.988334
-0.988334
-0.988334
-0.988334
-0.988334
-0.988334
-0.988334
-0.988334
-0.978744
-0.978744
-0.978744
-0.978744
-0.978744
-0.978744
-0.978744
-0.978744
-0.978744
-0.978744
-0.978744
-0.978744
-0.978744
-0.978744
-0.978744
-0.978744
-0.978744
-0.978744
-0.978744
-0.978744
-0.978744
-0.978744
-0.978744
-0.978744
-0.978744
-0.978744
-0.978744
-0.978744
-0.978744
-0.978744
-0.987831
-0.987831
-0.987831
-0.987831
-0.987831
-0.987831
-0.987831
-0.987831
-0.987831
-0.987831
-0.987831
-0.987831
-0.987831
-0.987831
-0.987831
-0.987831
-0.987831
-0.987831
-0.987831
-0.987831
-0.998407
-0.998407
-0.998407
-0.998407
-0.998407
-0.998407
-0.998407
-0.998407
-0.998407
-0.998407
-0.998407
-0.998407
-0.998407
-0.998407
-0.998407
-0.998407
-0.998407
-0.998407
-0.998407
-0.998407
-0.998407
-0.998407
-0.998407
-0.998407
-0.998407
-0.998407
-0.998407
-0.998407
-0.998407
-0.998407
-0.998407
-0.998407
-0.998407
-0.998407
-0.998407
-0.998407
-0.998407
-0.998407
-0.998407
-0.998407
-0.998407
-0.998407
-0.998407
-0.998407
-0.998407
-0.998407
-0.998407
-0.998407
-0.998407
-0.998407
-0.998407
-0.998407
-0.998407
-0.998407
-0.998407
-0.998407
-0.998407
-0.998407
-0.998407
-0.998407
-0.998407
-0.998407
-0.998407
-0.998407
-0.998407
-0.998407
-0.998407
-0.998407
-0.998407
-0.998407
-0.998407
-0.998407
-0.998093
-0.998093
-0.998093
-0.998093
-0.998093
-0.998093
-0.998093
-0.998093
-0.998093
-0.998093
-0.998093
-0.998093
-0.998093
-0.998093
-0.998093
-0.998093
-0.998093
-0.998093
-0.998093
-0.998093
-0.998093
-0.998093
-0.998093
-0.998093
-0.998093
-0.998093
-0.998093
-0.998093
-0.998093
-0.998093
-0.998093
-0.998093
-0.998093
-0.998093
-0.998093
-0.998093
-0.998093
-0.998093
-0.998093
-0.998093
-0.998093
-0.998093
-0.998093
-0.998093
-0.998093
-0.998093
-0.998093
-0.998093
-0.998093
-0.998093
-0.998093
-0.998093
-0.998093
-0.998093
-0.998093
-0.998093
-0.998093
-0.998093
-0.998093
-0.998093
-0.998093
-0.998093
-0.998093
-0.998093
-0.998093
-0.998093
-0.998093
-0.998093
-0.998093
-0.998093
-0.998093
-0.998093
-0.998093
-0.998093
-0.998093
-0.998093
-0.998093
-0.998093
-0.998093
-0.998093
-0.998093
-0.998093
-0.998093
-0.998093
-0.998093
-0.998093
-0.998093
-0.998093
-0.998093
-0.998093
-0.998093
-0.998093
-0.998093
-0.998093
-0.998093
-0.998093
-0.998093
-0.998093
-0.998093
-0.998093
-0.998093
-0.998093
-0.998093
-0.998093
-0.998093
-0.998093
-0.998093
-0.998093
-0.998093
-0.998093
-0.998093
-0.998093
-0.998093
-0.998093
-0.998093
-0.998093
-0.998093
-0.998093
-0.998093
-0.998093
-0.998093
-0.998093
-0.998093
-0.998093
-0.998093
-0.998093
-0.998093
-0.998093
-0.998093
-0.998093
-0.998093
-0.998093
-0.998093
-0.998093
-0.998093
-0.998093
-0.998093
-0.998093
-0.998093
-0.998093
-0.998093
-0.998093
-0.998093
-0.998093
-0.998093
-0.998093
-0.998093
-0.998093
-0.998093
-0.998093
-0.998093
-0.998093
-0.998093
-0.998093
-0.998093
-0.998093
-0.998093
-0.998093
-0.998093
-0.998093
-0.998093
-0.998093
-0.998093
-0.998093
-0.998093
-0.998093
-0.998093
-0.998093
-0.998093
-0.998093
-0.998093
-0.998093
-0.998093
-0.998093
-0.998093
-0.998093
-0.998093
-0.998093
-0.998093
-0.998093
-0.998093
-0.998093
-0.998093
-0.998093
-0.998093
-0.998093
-0.998093
-0.998093
-0.998093
-0.998093
-0.998093
-0.998093
-0.998093
-0.998093
-0.998093
-0.998093
-0.998093
-0.998093
-0.998093
-0.998093
-0.998093
-0.998093
-0.998093
-0.998093
-0.998093
-0.998093
-0.998093
-0.998093
-0.998093
-0.998093
-0.998093
-0.998093
-0.998093
-0.998093
-0.998093
-0.998093
-0.998093
-0.998093
-0.998093
-0.998093
-0.998093
-0.998093
-0.998093
-0.998093
-0.998093
-0.998093
-0.998093
-0.998093
-0.998093
-0.998093
-0.998093
-0.998093
-0.998093
-0.998093
-0.998093
-0.998093
-0.998093
-0.998093
-0.998093
-0.998093
-0.998093
-0.998093
-0.998093
-0.998093
-0.998093
-0.998093
-0.998093
-0.998093
-0.998093
-0.998093
-0.998093
-0.998093
-0.998093
-0.998093
-0.998093
-0.998093
-0.998093
-0.998093
-0.998093
-0.998093
-0.998093
-0.998093
-0.998093
-0.998093
-0.998093
-0.998093
-0.998093
-0.998093
-0.998093
-0.998093
-0.998093
-0.998093
-0.998093
-0.998093
-0.998093
-0.998093
-0.998093
-0.998093
-0.998093
-0.998093
-0.998093
-0.998093
-0.998093
-0.998093
-0.998093
-0.998093
-0.998093
-0.998093
-0.998093
-0.998093
-0.998093
-0.998093
-0.998093
-0.998093
-0.998093
-0.998093
-0.998093
-0.998093
-0.998093
-0.998093
-0.998093
-0.998093
-0.998093
-0.998093
-0.998093
-0.998093
-0.998093
-0.998093
-0.998093
-0.998093
-0.998093
-0.998093
-0.998093
-0.998093
-0.998093
-0.998093
-0.998093
-0.998093
-0.998093
-0.998093
-0.998093
-0.998093
-0.998093
-0.998093
-0.998093
-0.998093
-0.998093
-0.998093
-0.998093
-0.998093
-0.998093
-0.998093
-0.998093
-0.998093
-0.998093
-0.998093
-0.998093
-0.998093
-0.998093
-0.998093
-0.998093
-0.998093
-0.998093
-0.998093
-0.998093
-0.998093
-0.998093
-0.998093
-0.998093
-0.998093
-0.998093
-0.998093
-0.999988
-0.999988
-0.999988
-0.999988
-0.999988
-0.999988
-0.999988
-0.999988
-0.999988
-0.999988
-0.999988
-0.999988
-0.999988
-0.999988
-0.999988
-0.999988
-0.999988
-0.999988
-0.999988
-0.999988
-0.999988
-0.999988
-0.999988
-0.999988
-0.999988
-0.999988
-0.999988
-0.999988
-0.999988
-0.999988
-0.999988
-0.999988
-0.999988
-0.999988
-0.999988
-0.999988
-0.999988
-0.999988
-0.999988
-0.999988
-0.999988
-0.999988
-0.999988
-0.999988
-0.999988
-0.999988
-0.999988
-0.999988
-0.999988
-0.999988
-0.999988
-0.999988
-0.999988
-0.999988
-0.999988
-0.999988
-0.999988
-0.999988
-0.999988
-0.999988
-0.999988
-0.999988
-0.999988
-0.999988
-0.999988
-0.999988
-0.999988
-0.999988
-0.999988
-0.999988
-0.999988
-0.999988
-0.999988
-0.999988
-0.999988
-0.999988
-0.999988
-0.999988
-0.999988
-0.999988
-0.999988
-0.999988
-0.999988
-0.999988
-0.999988
-0.999988
-0.999988
-0.999988
-0.999988
-0.999988
-0.999988
-0.999988
-0.999988
-0.999988
-0.999988
-0.999988
-0.999988
-0.999988
-0.999988
-0.999988
-0.999988
-0.999988
-0.999988
-0.999988
-0.999988
-0.999988
-0.999988
-0.999988
-0.999988
-0.999988
-0.999988
-0.999988
-0.999988
-0.999988
-0.999988
-0.999988
-0.999988
-0.999988
-0.999988
-0.999988
-0.999988
-0.999988
-0.999988
-0.999988
-0.999988
-0.999988
-0.999988
-0.999988
-0.999988
-0.999988
-0.999988
-0.999988
-0.999988
-0.999988
-0.999988
-0.999988
-0.999988
-0.999988
-0.999988
-0.999988
-0.999988
-0.999988
-0.999988
-0.999988
-0.999988
-0.999988
-0.999988
-0.999988
-0.999988
-0.999988
-0.999988
-0.999988
-0.999988
-0.999988
-0.999988
-0.999988
-0.999988
-0.999988
-0.999988
-0.999988
-0.999988
-0.999988
-0.999988
-0.999988
-0.999988
-0.999988
-0.999988
-0.999988
-0.999988
-0.999988
-0.999988
-0.999988
-0.999988
-0.999988
-0.999988
-0.999988
-0.999988
-0.999988
-0.999988
-0.999988
-0.999988
-0.999988
-0.999988
-0.999988
-0.999988
-0.999988
-0.999988
-0.999988
-0.999988
-0.999988
-0.999988
-0.999988
-0.999988
-0.999988
-0.999988
-0.999988
-0.999988
-0.999988
-0.999988
-0.999988
-0.999988
-0.999988
-0.999988
-0.999988
-0.999988
-0.999988
-0.999988
-0.999988
-0.999988
-0.999988
-0.999988
-0.999988
-0.999988
-0.999988
-0.999988
-0.999988
-0.999988
-0.999988
-0.999988
-0.999988
-0.999988
-0.999988
-0.999988
-0.999988
-0.999988
-0.999988
-0.999988
-0.999988
-0.999988
-0.999988
-0.999988
-0.999988
-0.999988
-0.999988
-0.999988
-0.999988
-0.999988
-0.999988
-0.999988
-0.999988
-0.999988
-0.999988
-0.999988
-0.999988
-0.999988
-0.999988
-0.999988
-0.999988
-0.999988
-0.999988
-0.999988
-0.999988
-0.999988
-0.999988
-0.999988
-0.999988
-0.999988
-0.999988
-0.999988
-0.999988
-0.999988
-0.999988
-0.999988
-0.999988
-0.999988
-0.999988
-0.999988
-0.999988
-0.999988
-0.999988
-0.999988
-0.999988
-0.999988
-0.999988
-0.999988
-0.999988
-0.999988
-0.999988
-0.999988
-0.999988
-0.999988
-0.999988
-0.999988
-0.999988
-0.999988
-0.999988
-0.999988
-0.999988
-0.999988
-0.999988
-0.999988
-0.999988
-0.999988
-0.999988
-0.999988
-0.999988
-0.999988
-0.999988
-0.999988
-0.999988
-0.999988
-0.999988
-0.999988
-0.999988
-0.999988
-0.999988
-0.999988
-0.999988
-0.999988
-0.999988
-0.999988
-0.999988
-0.999988
-0.999988
-0.999988
-0.999988
-0.999988
-0.999988
-0.999988
-0.999988
-0.999988
-0.999988
-0.999988
-0.999988
-0.999988
-0.999988
-0.999988
-0.999988
-0.999988
-0.999988
-0.999988
-0.999988
-0.999988
-0.999988
-0.999988
-0.999988
-0.999988
-0.999988
-0.999988
-0.999988
-0.999988
-0.999988
-0.999988
-0.999988
-0.999988
-0.999988
-0.999988
-0.999988
-0.999988
-0.999988
-0.999988
-0.999988
-0.999988
-0.999988
-0.999988
-0.999988
-0.999988
-0.999988
-0.999988
-0.999988
-0.999988
-0.999988
-0.999988
-0.999988
-0.999988
-0.999988
-0.999988
-0.999988
-0.999988
-0.999988
-0.999988
-0.999988
-0.999988
-0.999988
-0.999988
-0.999988
-0.999988
-0.999988
-0.999988
-0.999988
-0.999988
-0.999988
-0.999988
-0.999988
-0.999988
-0.999988
-0.999988
-0.999988
-0.999988
-0.999988
-0.999988
-0.999988
-0.999988
-0.999988
-0.999988
-0.999988
-0.999988
-0.999988
-0.999988
-0.999988
-0.999988
-0.999988
-0.999988
-0.999988
-0.999988
-0.999988
-0.999988
-0.999988
-0.999988
-0.999988
-0.999988
-0.999988
-0.999988
-0.999988
-0.999988
-0.999988
-0.999988
-0.999988
-0.999988
-0.999988
-0.999988
-0.999988
-0.999988
-0.999988
-0.999988
-0.999988
-0.999988
-0.999988
-0.999988
-0.999988
-0.999988
-0.999988
-0.999988
-0.999988
-0.999988
-0.999988
-0.999988
-0.999988
-0.999988
-0.999988
-0.999988
-0.999988
-0.999988
-0.999988
-0.999988
-0.999988
-0.999988
-0.999988
-0.999988
-0.999988
-0.999988
-0.999988
-0.999988
-0.999988
-0.999988
-0.999988
-0.999988
-0.999988
-0.999988
-0.999988
-0.999988
-0.999988
-0.999988
-0.999988
-0.999988
-0.999988
-0.999988
-0.999988
-0.999988
-0.999988
-0.999988
-0.999988
-0.999988
-0.999988
-0.999988
-0.999988
-0.999988
-0.999988
-0.999988
-0.999988
-0.999988
-0.999988
-0.999988
-0.999988
-0.999988
-0.999988
-0.999988
-0.999988
-0.999988
-0.999988
-0.999988
-0.999988
-0.999988
-0.999988
-0.999988
-0.999988
-0.999988
-0.999988
-0.999988
-0.999988
-0.999988
-0.999988
-0.999988
-0.999988
-0.999988
-0.999988
-0.999988
-0.999988
-0.999988
-0.999988
-0.999988
-0.999988
-0.999988
-0.999988
-0.999988
-0.999988
-0.999988
-0.999988
-0.999988
-0.999988
-0.999988
-0.999988
-0.999988
-0.999988
-0.999988
-0.999988
-0.999988
-0.999988
-0.999988
-0.999988
-0.999988
-0.999988
-0.999988
-0.999988
-0.999988
-0.999988
-0.999988
-0.999988
-0.999988
-0.999988
-0.999988
-0.999988
-0.999988
-0.999988
-0.999988
-0.999988
-0.999988
-0.999988
-0.999988
-0.999988
-0.999988
-0.999988
-0.999988
-0.999988
-0.999988
-0.999988
-0.999988
-0.999988
-0.999988
-0.999988
-0.999988
-0.999988
-0.999988
-0.999988
-0.999988
-0.999988
-0.999988
-0.999988
-0.999988
-0.999988
-0.999988
-0.999988
-0.999988
-0.999988
-0.999988
-0.999988
-0.999988
-0.999988
-0.999988
-0.999988
-0.999988
-0.999988
-0.999988
-0.999988
-0.999988
-0.999988
-0.999988
-0.999988
-0.999988
-0.999988
-0.999988
-0.999988
-0.999988
-0.999988
-0.999988
-0.999988
-0.999988
-0.999988
-0.999988
-0.999988
-0.999988
-0.999988
-0.999988
-0.999988
-0.999988
-0.999988
-0.999988
-0.999988
-0.999988
-0.999988
-0.999988
-0.999988
-0.999988
-0.999988
-0.999988
-0.999988
-0.999988
-0.999988
-0.999988
-0.999988
-0.999988
-0.999988
-0.999988
-0.999988
-0.999988
-0.999988
-0.999988
-0.999988
-0.999988
-0.999988
-0.999988
-0.999988
-0.999988
-0.999988
-0.999988
-0.999988
-0.999988
-0.999988
-0.999988
-0.999988
-0.999988
-0.999988
-0.999988
-0.999988
-0.999988
-0.999988
-0.999988
-0.999988
-0.999988
-0.999988
-0.999988
-0.999988
-0.999988
-0.999988
-0.999988
-0.999988
-0.999988
-0.999988
-0.999988
-0.999988
-0.999988
-0.999988
-0.999988
-0.999988
-0.999988
-0.999988
-0.999988
-0.999988
-0.999988
-0.999988
-0.999988
-0.999988
-0.999988
-0.999988
-0.999988
-0.999988
-0.999988
-0.999988
-0.999988
-0.999988
-0.999988
-0.999988
