0 -0.0700895
0.00292969 0.182354
0.00585938 0.282079
0.00878906 0.56501
0.0117188 0.842634
0.0146484 0.201064
0.0175781 0.922089
0.0205078 0.420014
0.0234375 1.2982
0.0263672 1.18354
0.0292969 1.32135
0.0322266 0.85065
0.0351562 1.22574
0.0380859 1.60146
0.0410156 1.82224
0.0439453 1.76699
0.046875 1.51608
0.0498047 1.65324
0.0527344 1.82833
0.0556641 1.92399
0.0585938 1.6351
0.0615234 2.33811
0.0644531 2.15907
0.0673828 1.81214
0.0703125 1.78974
0.0732422 1.99334
0.0761719 2.21648
0.0791016 2.54713
0.0820312 2.52578
0.0849609 1.9289
0.0878906 2.10026
0.0908203 2.04476
0.09375 2.57665
0.0966797 2.72426
0.0996094 2.82867
0.102539 2.51588
0.105469 2.90059
0.108398 2.6059
0.111328 2.67238
0.114258 2.81832
0.117188 2.29396
0.120117 2.38543
0.123047 1.95025
0.125977 2.6932
0.128906 2.05543
0.131836 2.73914
0.134766 2.32817
0.137695 2.34428
0.140625 2.07356
0.143555 1.74989
0.146484 1.77781
0.149414 2.13845
0.152344 2.44227
0.155273 2.22004
0.158203 2.1671
0.161133 1.38649
0.164062 1.31051
0.166992 1.42815
0.169922 1.93046
0.172852 1.79031
0.175781 1.27321
0.178711 1.914
0.181641 1.69046
0.18457 1.68238
0.1875 1.45292
0.19043 1.32092
0.193359 0.992138
0.196289 1.14439
0.199219 0.719561
0.202148 0.463922
0.205078 0.773499
0.208008 0.840334
0.210938 0.696707
0.213867 0.596077
0.216797 0.435124
0.219727 0.687166
0.222656 0.307715
0.225586 0.777146
0.228516 0.0903658
0.231445 0.488815
0.234375 0.686573
0.237305 0.0829176
0.240234 -0.0997768
0.243164 0.462836
0.246094 -0.299407
0.249023 -0.468968
0.251953 0.381303
0.254883 -0.386651
0.257812 -0.366521
0.260742 0.0596733
0.263672 0.226525
0.266602 -0.194365
0.269531 -0.0503961
0.272461 -0.0294123
0.275391 -0.380248
0.27832 -0.387359
0.28125 -0.419967
0.28418 -0.0213566
0.287109 0.201614
0.290039 -0.178583
0.292969 0.0408209
0.295898 -0.351198
0.298828 -0.590314
0.301758 -0.441669
0.304688 0.136996
0.307617 -0.193487
0.310547 0.274894
0.313477 -0.460247
0.316406 -0.257852
0.319336 -0.415144
0.322266 0.306803
0.325195 -0.236997
0.328125 0.0553996
0.331055 -0.354812
0.333984 -0.288364
0.336914 0.286445
0.339844 -0.251728
0.342773 -0.296526
0.345703 0.545645
0.348633 0.0597108
0.351562 0.469978
0.354492 0.504616
0.357422 0.620142
0.360352 0.193467
0.363281 0.264926
0.366211 0.042228
0.369141 0.617858
0.37207 0.662977
0.375 0.842059
0.37793 0.640794
0.380859 0.302888
0.383789 0.695663
0.386719 0.0938755
0.389648 0.505653
0.392578 1.03328
0.395508 0.993894
0.398438 1.05656
0.401367 1.03172
0.404297 0.234235
0.407227 0.474386
0.410156 0.265519
0.413086 0.161582
0.416016 0.828017
0.418945 0.880269
0.421875 0.333641
0.424805 1.033
0.427734 0.625666
0.430664 0.505753
0.433594 0.124658
0.436523 0.52345
0.439453 0.881344
0.442383 0.874206
0.445312 0.271435
0.448242 0.708927
0.451172 0.239614
0.454102 0.673391
0.457031 0.854011
0.459961 0.927042
0.462891 0.373682
0.46582 0.702296
0.46875 0.544279
0.47168 0.624659
0.474609 0.319248
0.477539 0.534309
0.480469 0.00310874
0.483398 0.203844
0.486328 0.360002
0.489258 -0.125987
0.492188 0.0345739
0.495117 0.38012
0.498047 0.123414
0.500977 0.066553
0.503906 0.301961
0.506836 -0.292122
0.509766 -0.29813
0.512695 -0.60832
0.515625 -0.499574
0.518555 0.0929777
0.521484 -0.328807
0.524414 -0.590436
0.527344 -0.586002
0.530273 -0.63447
0.533203 -0.88553
0.536133 -0.463928
0.539062 -0.0527986
0.541992 -0.74897
0.544922 -0.867374
0.547852 -0.247478
0.550781 -0.840635
0.553711 -0.480679
0.556641 -0.498819
0.55957 -0.215127
0.5625 -0.738525
0.56543 -1.02453
0.568359 -0.48709
0.571289 -0.501981
0.574219 -0.546668
0.577148 -0.811737
0.580078 -0.270689
0.583008 -1.11243
0.585938 -0.989258
0.588867 -0.662057
0.591797 -0.517786
0.594727 -0.116466
0.597656 -0.340886
0.600586 -0.160589
0.603516 -1.028
0.606445 -0.102922
0.609375 -0.29018
0.612305 -0.540472
0.615234 -0.839258
0.618164 0.0144311
0.621094 -0.249202
0.624023 -0.765427
0.626953 -0.458137
0.629883 -0.280375
0.632812 -0.464342
0.635742 -0.248962
0.638672 -0.426834
0.641602 -0.181599
0.644531 -0.586089
0.647461 0.23582
0.650391 -0.219645
0.65332 -0.134292
0.65625 -0.58756
0.65918 -0.497194
0.662109 -0.420814
0.665039 0.0846618
0.667969 -0.0891031
0.670898 0.526769
0.673828 0.186466
0.676758 0.129372
0.679688 0.0635112
0.682617 -0.143849
0.685547 0.186702
0.688477 -0.119546
0.691406 -0.164802
0.694336 0.277996
0.697266 -0.125596
0.700195 0.617493
0.703125 -0.216282
0.706055 0.0532832
0.708984 0.620341
0.711914 0.491668
0.714844 0.212328
0.717773 0.0527088
0.720703 0.0666874
0.723633 0.567266
0.726562 0.586062
0.729492 0.384502
0.732422 0.0921095
0.735352 -0.332174
0.738281 0.249369
0.741211 0.462653
0.744141 0.0849808
0.74707 0.174799
0.75 0.44045
0.75293 0.101784
0.755859 -0.3395
0.758789 -0.283226
0.761719 -0.0404994
0.764648 0.144734
0.767578 0.112196
0.770508 -0.741036
0.773438 -0.791482
0.776367 -0.519859
0.779297 -0.703652
0.782227 -0.821448
0.785156 -0.126768
0.788086 -0.731408
0.791016 -1.12076
0.793945 -1.27178
0.796875 -0.615948
0.799805 -1.4444
0.802734 -0.727229
0.805664 -1.35077
0.808594 -1.33569
0.811523 -1.59813
0.814453 -1.71139
0.817383 -1.66447
0.820312 -1.11206
0.823242 -1.49788
0.826172 -1.85199
0.829102 -1.69136
0.832031 -1.83382
0.834961 -1.53213
0.837891 -2.24484
0.84082 -2.08148
0.84375 -2.07501
0.84668 -2.18235
0.849609 -1.91292
0.852539 -2.61088
0.855469 -2.47718
0.858398 -2.18162
0.861328 -2.67141
0.864258 -2.52412
0.867188 -1.89042
0.870117 -2.49514
0.873047 -2.39459
0.875977 -1.99313
0.878906 -2.12753
0.881836 -2.33969
0.884766 -2.01109
0.887695 -2.41019
0.890625 -2.37021
0.893555 -2.24291
0.896484 -2.18331
0.899414 -2.04551
0.902344 -2.09762
0.905273 -2.06816
0.908203 -2.80048
0.911133 -2.21757
0.914062 -2.49193
0.916992 -2.49717
0.919922 -2.67349
0.922852 -2.01143
0.925781 -2.6376
0.928711 -2.45097
0.931641 -2.55182
0.93457 -2.09995
0.9375 -1.95145
0.94043 -1.71624
0.943359 -1.8985
0.946289 -1.55543
0.949219 -1.96698
0.952148 -1.5847
0.955078 -2.04357
0.958008 -1.77436
0.960938 -0.953624
0.963867 -1.27282
0.966797 -1.56719
0.969727 -0.850229
0.972656 -1.35541
0.975586 -1.29957
0.978516 -0.964771
0.981445 -0.417806
0.984375 -0.227362
0.987305 -0.830566
0.990234 -0.148397
0.993164 -0.017696
0.996094 -0.604142
0.999023 0.327921
1.00195 0.0186288
1.00488 0.129827
1.00781 0.0235611
1.01074 0.4998
1.01367 0.229894
1.0166 0.449321
1.01953 1.05916
1.02246 0.630542
1.02539 1.23924
1.02832 0.930341
1.03125 0.665187
1.03418 1.01548
1.03711 0.969244
1.04004 1.20802
1.04297 1.85213
1.0459 1.25476
1.04883 1.66688
1.05176 2.03244
1.05469 2.01336
1.05762 2.02556
1.06055 1.99973
1.06348 2.36453
1.06641 2.31926
1.06934 2.51278
1.07227 2.3072
1.0752 2.33337
1.07812 1.80327
1.08105 2.15828
1.08398 2.19266
1.08691 1.95297
1.08984 2.1165
1.09277 2.7179
1.0957 2.46584
1.09863 2.3999
1.10156 2.35497
1.10449 2.71132
1.10742 2.74425
1.11035 2.18998
1.11328 2.00017
1.11621 2.52611
1.11914 2.54937
1.12207 1.98316
1.125 2.75071
1.12793 2.62181
1.13086 2.19144
1.13379 2.50334
1.13672 2.68069
1.13965 2.56963
1.14258 2.158
1.14551 2.23109
1.14844 2.05109
1.15137 2.5367
1.1543 1.90199
1.15723 1.60857
1.16016 2.22412
1.16309 1.32491
1.16602 2.00349
1.16895 2.0396
1.17188 1.45093
1.1748 1.12437
1.17773 1.88625
1.18066 1.43156
1.18359 1.68186
1.18652 1.17215
1.18945 1.63698
1.19238 0.832785
1.19531 0.674792
1.19824 1.17281
1.20117 0.819421
1.2041 0.481436
1.20703 0.519887
1.20996 1.2088
1.21289 0.328113
1.21582 0.161964
1.21875 0.754044
1.22168 0.479127
1.22461 0.664949
1.22754 0.478228
1.23047 0.139699
1.2334 -0.0352121
1.23633 -0.0946881
1.23926 0.444019
1.24219 -0.185169
1.24512 0.183443
1.24805 0.494019
1.25098 -0.452056
1.25391 0.0869676
1.25684 0.147604
1.25977 0.310755
1.2627 0.335646
1.26562 0.145451
1.26855 0.147188
1.27148 -0.205147
1.27441 -0.0670401
1.27734 -0.496692
1.28027 -0.305766
1.2832 0.106456
1.28613 -0.403201
1.28906 -0.636797
1.29199 -0.501244
1.29492 -0.273097
1.29785 -0.393579
1.30078 -0.495764
1.30371 -0.0764552
1.30664 -0.292905
1.30957 0.265333
1.3125 -0.523931
1.31543 -0.490363
1.31836 -0.0569442
1.32129 -0.12526
1.32422 -0.20968
1.32715 0.218519
1.33008 -0.259607
1.33301 0.0753977
1.33594 -0.0821343
1.33887 -0.20706
1.3418 0.221398
1.34473 -0.360733
1.34766 0.608159
1.35059 0.229722
1.35352 0.699183
1.35645 0.501319
1.35938 0.144794
1.3623 0.27884
1.36523 0.232766
1.36816 0.457066
1.37109 0.789349
1.37402 0.159693
1.37695 0.875475
1.37988 -0.0276864
1.38281 0.473451
1.38574 0.409796
1.38867 0.37584
1.3916 0.761854
1.39453 0.102054
1.39746 0.833795
1.40039 0.75792
1.40332 0.286588
1.40625 1.02762
1.40918 0.359023
1.41211 0.791514
1.41504 0.418698
1.41797 0.147459
1.4209 1.06973
1.42383 0.998726
1.42676 0.535831
1.42969 0.298281
1.43262 0.620242
1.43555 0.539283
1.43848 0.234421
1.44141 0.141632
1.44434 0.49388
1.44727 0.955117
1.4502 0.470143
1.45312 0.921312
1.45605 0.302039
1.45898 0.00776667
1.46191 0.758603
1.46484 0.478183
1.46777 0.86946
1.4707 0.688291
1.47363 -0.118324
1.47656 0.183597
1.47949 -0.0554904
1.48242 0.501789
1.48535 0.12373
1.48828 0.598231
1.49121 0.0635886
1.49414 0.200328
1.49707 0.404234
1.5 0.191663
1.50293 -0.246096
1.50586 -0.419617
1.50879 0.0943682
1.51172 -0.420904
1.51465 -0.662774
1.51758 -0.606595
1.52051 -0.351903
1.52344 -0.26189
1.52637 -0.274367
1.5293 -0.309887
1.53223 -0.295711
1.53516 0.063262
1.53809 -0.48963
1.54102 -0.936917
1.54395 -0.101222
1.54688 -0.245873
1.5498 -0.95805
1.55273 -0.340365
1.55566 -0.732619
1.55859 -1.01914
1.56152 -0.546815
1.56445 -0.708553
1.56738 -0.654837
1.57031 -0.382211
1.57324 -0.94636
1.57617 -0.229606
1.5791 -0.440735
1.58203 -0.497277
1.58496 -0.601175
1.58789 -0.565579
1.59082 -0.791807
1.59375 -0.290663
1.59668 -0.386017
1.59961 -1.05607
1.60254 -1.02852
1.60547 -0.324747
1.6084 -0.898425
1.61133 -0.576945
1.61426 -0.744993
1.61719 -0.294202
1.62012 0.0273609
1.62305 -0.0923756
1.62598 -0.250059
1.62891 -0.450533
1.63184 0.0114957
1.63477 -0.283342
1.6377 -0.603314
1.64062 0.16961
1.64355 -0.486632
1.64648 -0.180178
1.64941 0.322604
1.65234 0.152726
1.65527 0.309081
1.6582 -0.125214
1.66113 -0.0157231
1.66406 -0.419256
1.66699 -0.135028
1.66992 -0.237392
1.67285 0.299321
1.67578 0.473969
1.67871 0.399075
1.68164 -0.300975
1.68457 0.361919
1.6875 0.17646
1.69043 -0.211099
1.69336 0.4597
1.69629 -0.0437181
1.69922 -0.0287025
1.70215 -0.0620881
1.70508 0.238969
1.70801 0.675597
1.71094 -0.0669896
1.71387 0.0821072
1.7168 0.327499
1.71973 0.349693
1.72266 -0.0749764
1.72559 -0.161121
1.72852 0.503652
1.73145 -0.186138
1.73438 0.0329957
1.7373 -0.0345305
1.74023 -0.260398
1.74316 -0.249941
1.74609 -0.199683
1.74902 0.101983
1.75195 0.18433
1.75488 -0.205805
1.75781 0.344136
1.76074 0.289244
1.76367 -0.597811
1.7666 0.0945553
1.76953 -0.065886
1.77246 -0.68192
1.77539 -0.35371
1.77832 -0.724632
1.78125 -0.751074
1.78418 -0.772605
1.78711 -0.665042
1.79004 -0.691998
1.79297 -0.759759
1.7959 -0.361186
1.79883 -0.958661
1.80176 -0.773162
1.80469 -1.22656
1.80762 -1.57656
1.81055 -1.36356
1.81348 -1.23304
1.81641 -1.65725
1.81934 -1.76418
1.82227 -1.30476
1.8252 -1.48773
1.82812 -1.63666
1.83105 -1.37416
1.83398 -1.51433
1.83691 -1.57727
1.83984 -1.97404
1.84277 -1.9895
1.8457 -2.39699
1.84863 -2.19506
1.85156 -2.21358
1.85449 -2.45329
1.85742 -2.50127
1.86035 -2.61972
1.86328 -2.41229
1.86621 -2.06636
1.86914 -2.48764
1.87207 -2.23631
1.875 -2.83948
1.87793 -2.07884
1.88086 -2.77837
1.88379 -2.37163
1.88672 -2.13337
1.88965 -2.35012
1.89258 -2.67665
1.89551 -2.80977
1.89844 -2.29392
1.90137 -2.32448
1.9043 -2.24396
1.90723 -2.0693
1.91016 -2.12404
1.91309 -2.50187
1.91602 -2.42869
1.91895 -2.55184
1.92188 -2.58784
1.9248 -2.57693
1.92773 -2.68676
1.93066 -2.04514
1.93359 -1.97738
1.93652 -2.42468
1.93945 -1.51361
1.94238 -2.39958
1.94531 -2.02471
1.94824 -2.10286
1.95117 -2.05182
1.9541 -1.41754
1.95703 -1.10145
1.95996 -1.42719
1.96289 -1.50109
1.96582 -0.751805
1.96875 -1.28483
1.97168 -1.03059
1.97461 -0.851414
1.97754 -1.12767
1.98047 -1.07642
1.9834 -0.214832
1.98633 -0.620168
1.98926 -0.0540045
1.99219 -0.22892
1.99512 -0.564746
1.99805 0.15999
2.00098 -0.0908593
2.00391 0.169185
2.00684 -0.0642972
2.00977 0.525243
2.0127 0.707783
2.01562 0.438725
2.01855 0.867025
2.02148 0.634928
2.02441 1.3726
2.02734 1.2879
2.03027 0.896613
2.0332 1.67362
2.03613 0.884795
2.03906 1.33219
2.04199 1.07307
2.04492 1.8275
2.04785 1.49631
2.05078 1.81327
2.05371 1.39234
2.05664 1.70588
2.05957 2.38238
2.0625 2.10559
2.06543 2.48576
2.06836 1.77124
2.07129 2.42896
2.07422 2.55223
2.07715 2.3124
2.08008 2.41506
2.08301 2.24121
2.08594 2.5426
2.08887 2.24656
2.0918 2.6982
2.09473 2.13599
2.09766 2.48312
2.10059 2.40148
2.10352 2.89981
2.10645 2.85691
2.10938 2.08392
2.1123 2.23203
2.11523 2.81048
2.11816 2.83848
2.12109 2.48326
2.12402 2.72915
2.12695 2.86146
2.12988 2.84967
2.13281 2.73561
2.13574 2.52483
2.13867 2.08782
2.1416 2.20037
2.14453 2.48215
2.14746 2.27619
2.15039 1.98689
2.15332 1.91782
2.15625 2.02239
2.15918 1.95345
2.16211 1.48162
2.16504 1.65369
2.16797 1.29397
2.1709 1.8787
2.17383 1.83576
2.17676 1.74122
2.17969 0.998687
2.18262 1.38117
2.18555 1.70322
2.18848 1.29162
2.19141 1.58125
2.19434 1.39536
2.19727 0.93949
2.2002 0.459596
2.20312 0.430069
2.20605 0.56559
2.20898 1.13124
2.21191 0.768521
2.21484 0.176349
2.21777 0.904984
2.2207 0.565278
2.22363 0.897819
2.22656 0.458276
2.22949 0.727836
2.23242 0.222695
2.23535 0.118024
2.23828 0.23785
2.24121 0.502586
2.24414 0.390772
2.24707 -0.32036
2.25 -0.0577324
2.25293 0.427579
2.25586 -0.040589
2.25879 -0.0650905
2.26172 0.079037
2.26465 -0.356718
2.26758 -0.399356
2.27051 0.0794804
2.27344 0.104052
2.27637 -0.538291
2.2793 -0.392643
2.28223 -7.0143e-05
2.28516 0.249817
2.28809 0.0172572
2.29102 0.00692512
2.29395 -0.696594
2.29688 -0.718573
2.2998 -0.0894494
2.30273 -0.0833167
2.30566 -0.626711
2.30859 -0.199979
2.31152 -0.466525
2.31445 -0.61245
2.31738 -0.562579
2.32031 -0.499265
2.32324 -0.0925433
2.32617 -0.0921862
2.3291 0.143373
2.33203 -0.13559
2.33496 -0.200397
2.33789 0.367673
2.34082 0.391906
2.34375 -0.150157
2.34668 -0.0160036
2.34961 0.0147595
2.35254 0.644612
2.35547 0.367537
2.3584 0.376925
2.36133 0.503616
2.36426 0.265873
2.36719 0.644459
2.37012 -0.0748388
2.37305 0.0852185
2.37598 0.715842
2.37891 0.763123
2.38184 0.90905
2.38477 0.829502
2.3877 0.845391
2.39062 0.608366
2.39355 0.520322
2.39648 0.97575
2.39941 0.146074
2.40234 0.769915
2.40527 1.05579
2.4082 0.250453
2.41113 0.910305
2.41406 0.573983
2.41699 0.738612
2.41992 0.602327
2.42285 0.954198
2.42578 1.02019
2.42871 0.41732
2.43164 0.758111
2.43457 0.246234
2.4375 0.741385
2.44043 1.07664
2.44336 0.158328
2.44629 0.340277
2.44922 0.649121
2.45215 0.822176
2.45508 0.731699
2.45801 0.385235
2.46094 0.806033
2.46387 0.843732
2.4668 0.0972241
2.46973 0.535983
2.47266 0.69176
2.47559 -0.160554
2.47852 0.26954
2.48145 0.165547
2.48438 0.204354
2.4873 0.0710368
2.49023 0.12061
2.49316 -0.231344
2.49609 -0.0911626
2.49902 0.142968
2.50195 0.44309
2.50488 0.241543
2.50781 -0.362708
2.51074 -0.199461
2.51367 -0.0472963
2.5166 -0.581279
2.51953 -0.0141952
2.52246 -0.512118
2.52539 -0.546464
2.52832 -0.470356
2.53125 -0.616829
2.53418 -0.551034
2.53711 -0.272309
2.54004 -0.0871255
2.54297 -0.823393
2.5459 -0.608274
2.54883 -0.740786
2.55176 -1.02568
2.55469 -0.740588
2.55762 -0.58574
2.56055 -0.39653
2.56348 -0.918955
2.56641 -0.57848
2.56934 -0.920133
2.57227 -0.506535
2.5752 -1.0864
2.57812 -0.519828
2.58105 -1.01456
2.58398 -0.903879
2.58691 -0.154356
2.58984 -0.372079
2.59277 -0.91843
2.5957 -0.32779
2.59863 -0.107428
2.60156 -0.448672
2.60449 -0.664627
2.60742 -0.937769
2.61035 -0.672353
2.61328 -0.347692
2.61621 -0.617816
2.61914 -0.240227
2.62207 -0.027401
2.625 -0.198637
2.62793 -0.51089
2.63086 -0.0832155
2.63379 0.0370754
2.63672 -0.0342291
2.63965 -0.715291
2.64258 0.141743
2.64551 -0.625037
2.64844 -0.134095
2.65137 -0.0730268
2.6543 -0.34979
2.65723 -0.508354
2.66016 0.21863
2.66309 0.360554
2.66602 -0.375278
2.66895 -0.0816131
2.67188 -0.436806
2.6748 -0.0668181
2.67773 -0.0309452
2.68066 0.386403
2.68359 0.197924
2.68652 -0.19001
2.68945 0.430984
2.69238 -0.11766
2.69531 0.257406
2.69824 0.582169
2.70117 0.273905
2.7041 -0.0532526
2.70703 -0.0272375
2.70996 0.0118388
2.71289 -0.134244
2.71582 0.687411
2.71875 0.379871
2.72168 0.626001
2.72461 0.531532
2.72754 0.115471
2.73047 0.642675
2.7334 0.366889
2.73633 0.145368
2.73926 0.124671
2.74219 -0.128885
2.74512 0.334165
2.74805 0.116582
2.75098 -0.447801
2.75391 0.120046
2.75684 0.130358
2.75977 -0.175614
2.7627 0.00297667
2.76562 -0.649436
2.76855 0.0492702
2.77148 -0.384313
2.77441 -0.252898
2.77734 0.0321607
2.78027 -0.804018
2.7832 -0.242571
2.78613 -0.601372
2.78906 -1.12919
2.79199 -0.889755
2.79492 -0.586706
2.79785 -1.09663
2.80078 -0.823284
2.80371 -0.668425
2.80664 -1.35567
2.80957 -1.38564
2.8125 -0.977154
2.81543 -1.74806
2.81836 -1.17991
2.82129 -1.22667
2.82422 -1.25239
2.82715 -1.88138
2.83008 -1.92103
2.83301 -2.16909
2.83594 -1.30043
2.83887 -1.5197
2.8418 -2.29088
2.84473 -1.80985
2.84766 -1.9711
2.85059 -1.99743
2.85352 -2.28397
2.85645 -2.04086
2.85938 -2.30889
2.8623 -1.96671
2.86523 -2.52731
2.86816 -2.44297
2.87109 -2.86735
2.87402 -2.79476
2.87695 -1.99549
2.87988 -2.87215
2.88281 -2.48296
2.88574 -2.30202
2.88867 -2.60874
2.8916 -2.86528
2.89453 -2.4477
2.89746 -2.35924
2.90039 -2.56286
2.90332 -2.65372
2.90625 -2.25307
2.90918 -2.80569
2.91211 -2.86088
2.91504 -2.40419
2.91797 -2.50493
2.9209 -2.52002
2.92383 -2.23299
2.92676 -2.38824
2.92969 -2.54755
2.93262 -1.95867
2.93555 -1.56208
2.93848 -1.81428
2.94141 -2.18601
2.94434 -2.01308
2.94727 -1.96234
2.9502 -1.54552
2.95312 -1.97725
2.95605 -1.43756
2.95898 -1.89062
2.96191 -1.70489
2.96484 -1.05485
2.96777 -0.675114
2.9707 -1.3369
2.97363 -1.273
2.97656 -0.69226
2.97949 -0.645404
2.98242 -0.827479
2.98535 -0.823488
2.98828 -0.687434
2.99121 -0.0774086
2.99414 -0.173592
2.99707 0.348718


0 0.00945554
0.00292969 0.117323
0.00585938 0.220582
0.00878906 0.328342
0.0117188 0.435196
0.0146484 0.515655
0.0175781 0.632715
0.0205078 0.714608
0.0234375 0.833244
0.0263672 0.922751
0.0292969 1.01745
0.0322266 1.09334
0.0351562 1.19055
0.0380859 1.28552
0.0410156 1.37383
0.0439453 1.45198
0.046875 1.52208
0.0498047 1.60018
0.0527344 1.67647
0.0556641 1.7476
0.0585938 1.80502
0.0615234 1.88677
0.0644531 1.94087
0.0673828 1.98702
0.0703125 2.0388
0.0732422 2.09341
0.0761719 2.14508
0.0791016 2.19621
0.0820312 2.23403
0.0849609 2.25233
0.0878906 2.28829
0.0908203 2.31434
0.09375 2.35301
0.0966797 2.37741
0.0996094 2.39698
0.102539 2.40138
0.105469 2.4215
0.108398 2.41924
0.111328 2.42345
0.114258 2.42639
0.117188 2.40733
0.120117 2.40195
0.123047 2.37868
0.125977 2.3848
0.128906 2.34954
0.131836 2.34781
0.134766 2.31279
0.137695 2.28673
0.140625 2.24996
0.143555 2.20907
0.146484 2.17537
0.149414 2.14847
0.152344 2.1177
0.155273 2.0702
0.158203 2.02536
0.161133 1.95849
0.164062 1.90936
0.166992 1.86399
0.169922 1.82781
0.172852 1.77252
0.175781 1.70563
0.178711 1.66978
0.181641 1.60912
0.18457 1.55372
0.1875 1.49162
0.19043 1.4318
0.193359 1.36626
0.196289 1.31393
0.199219 1.24564
0.202148 1.1822
0.205078 1.13473
0.208008 1.08098
0.210938 1.02199
0.213867 0.964906
0.216797 0.906992
0.219727 0.861477
0.222656 0.799559
0.225586 0.762338
0.228516 0.694407
0.231445 0.657925
0.234375 0.617384
0.237305 0.556242
0.240234 0.508427
0.243164 0.482995
0.246094 0.422698
0.249023 0.380693
0.251953 0.368862
0.254883 0.314214
0.257812 0.283416
0.260742 0.265929
0.263672 0.243356
0.266602 0.206628
0.269531 0.187673
0.272461 0.167455
0.275391 0.139085
0.27832 0.12237
0.28125 0.107077
0.28418 0.105831
0.287109 0.101806
0.290039 0.0831326
0.292969 0.0830756
0.295898 0.0680608
0.298828 0.0592003
0.301758 0.062941
0.304688 0.0803912
0.307617 0.0744052
0.310547 0.0922007
0.313477 0.0782586
0.316406 0.0917765
0.319336 0.0967498
0.322266 0.127389
0.325195 0.124208
0.328125 0.145306
0.331055 0.147973
0.333984 0.164754
0.336914 0.196419
0.339844 0.197965
0.342773 0.213758
0.345703 0.254583
0.348633 0.258995
0.351562 0.288468
0.354492 0.307675
0.357422 0.329146
0.360352 0.335518
0.363281 0.355488
0.366211 0.367015
0.369141 0.400245
0.37207 0.418287
0.375 0.439443
0.37793 0.449384
0.380859 0.45477
0.383789 0.479532
0.386719 0.475826
0.389648 0.499179
0.392578 0.524668
0.395508 0.533323
0.398438 0.543611
0.401367 0.55023
0.404297 0.534164
0.407227 0.545491
0.410156 0.543012
0.413086 0.542032
0.416016 0.560947
0.418945 0.561399
0.421875 0.543794
0.424805 0.559199
0.427734 0.542465
0.430664 0.532189
0.433594 0.513184
0.436523 0.514281
0.439453 0.512768
0.442383 0.499688
0.445312 0.468679
0.448242 0.465065
0.451172 0.434972
0.454102 0.42855
0.457031 0.413834
0.459961 0.394905
0.462891 0.357459
0.46582 0.343321
0.46875 0.314668
0.47168 0.291649
0.474609 0.257064
0.477539 0.236089
0.480469 0.193742
0.483398 0.171045
0.486328 0.146598
0.489258 0.103956
0.492188 0.078904
0.495117 0.0587698
0.498047 0.0218645
0.500977 -0.0094952
0.503906 -0.0326413
0.506836 -0.0785242
0.509766 -0.107788
0.512695 -0.145033
0.515625 -0.170134
0.518555 -0.181197
0.521484 -0.219606
0.524414 -0.252754
0.527344 -0.277621
0.530273 -0.302959
0.533203 -0.33284
0.536133 -0.342962
0.539062 -0.352179
0.541992 -0.390805
0.544922 -0.412137
0.547852 -0.411691
0.550781 -0.44346
0.553711 -0.447445
0.556641 -0.460482
0.55957 -0.463734
0.5625 -0.487897
0.56543 -0.504053
0.568359 -0.49598
0.571289 -0.501782
0.574219 -0.507008
0.577148 -0.516955
0.580078 -0.50323
0.583008 -0.526467
0.585938 -0.521698
0.588867 -0.510029
0.591797 -0.502213
0.594727 -0.486113
0.597656 -0.486217
0.600586 -0.474044
0.603516 -0.489859
0.606445 -0.455077
0.609375 -0.450181
0.612305 -0.446177
0.615234 -0.44272
0.618164 -0.40662
0.621094 -0.400785
0.624023 -0.401339
0.626953 -0.378553
0.629883 -0.358883
0.632812 -0.34883
0.635742 -0.327394
0.638672 -0.316597
0.641602 -0.293912
0.644531 -0.289126
0.647461 -0.250374
0.650391 -0.247065
0.65332 -0.228945
0.65625 -0.225992
0.65918 -0.208333
0.662109 -0.1915
0.665039 -0.163323
0.667969 -0.154587
0.670898 -0.124722
0.673828 -0.122165
0.676758 -0.112704
0.679688 -0.104524
0.682617 -0.101403
0.685547 -0.0846309
0.688477 -0.0868336
0.691406 -0.0832523
0.694336 -0.0676973
0.697266 -0.0772103
0.700195 -0.0566985
0.703125 -0.0816569
0.706055 -0.0779591
0.708984 -0.0679934
0.711914 -0.0793302
0.714844 -0.0969418
0.717773 -0.113398
0.720703 -0.127256
0.723633 -0.12989
0.726562 -0.148142
0.729492 -0.174798
0.732422 -0.206282
0.735352 -0.243734
0.738281 -0.255646
0.741211 -0.280044
0.744141 -0.323064
0.74707 -0.355362
0.75 -0.384963
0.75293 -0.433406
0.755859 -0.486731
0.758789 -0.528238
0.761719 -0.566452
0.764648 -0.608028
0.767578 -0.657294
0.770508 -0.730828
0.773438 -0.783557
0.776367 -0.828658
0.779297 -0.887523
0.782227 -0.94557
0.785156 -0.981985
0.788086 -1.05509
0.791016 -1.12278
0.793945 -1.18428
0.796875 -1.22368
0.799805 -1.30426
0.802734 -1.34196
0.805664 -1.41654
0.808594 -1.47303
0.811523 -1.53666
0.814453 -1.59544
0.817383 -1.64893
0.820312 -1.6874
0.823242 -1.7507
0.826172 -1.81182
0.829102 -1.85725
0.832031 -1.90951
0.834961 -1.94778
0.837891 -2.01233
0.84082 -2.05069
0.84375 -2.09135
0.84668 -2.13302
0.849609 -2.16201
0.852539 -2.21544
0.855469 -2.24342
0.858398 -2.26439
0.861328 -2.30451
0.864258 -2.32432
0.867188 -2.32791
0.870117 -2.36296
0.873047 -2.37561
0.875977 -2.37698
0.878906 -2.39018
0.881836 -2.40247
0.884766 -2.39668
0.887695 -2.40788
0.890625 -2.40371
0.893555 -2.39388
0.896484 -2.38265
0.899414 -2.36592
0.902344 -2.35111
0.905273 -2.33067
0.908203 -2.32792
0.911133 -2.28535
0.914062 -2.2631
0.916992 -2.22998
0.919922 -2.19817
0.922852 -2.13974
0.925781 -2.11359
0.928711 -2.06157
0.931641 -2.01417
0.93457 -1.94818
0.9375 -1.88735
0.94043 -1.82093
0.943359 -1.76295
0.946289 -1.68739
0.949219 -1.62977
0.952148 -1.54731
0.955078 -1.48539
0.958008 -1.40067
0.960938 -1.29815
0.963867 -1.2248
0.966797 -1.14852
0.969727 -1.04212
0.972656 -0.967596
0.975586 -0.875741
0.978516 -0.774525
0.981445 -0.665967
0.984375 -0.565986
0.987305 -0.486865
0.990234 -0.371221
0.993164 -0.270098
0.996094 -0.188271
0.999023 -0.0640277
1.00195 0.0260265
1.00488 0.127713
1.00781 0.223178
1.01074 0.334381
1.01367 0.424345
1.0166 0.527091
1.01953 0.639694
1.02246 0.722411
1.02539 0.832537
1.02832 0.91577
1.03125 0.998557
1.03418 1.09656
1.03711 1.1816
1.04004 1.2724
1.04297 1.37214
1.0459 1.43507
1.04883 1.52339
1.05176 1.60772
1.05469 1.6786
1.05762 1.74741
1.06055 1.81214
1.06348 1.88455
1.06641 1.94238
1.06934 2.00352
1.07227 2.05023
1.0752 2.09991
1.07812 2.13069
1.08105 2.18241
1.08398 2.22166
1.08691 2.24968
1.08984 2.28522
1.09277 2.32919
1.0957 2.34585
1.09863 2.36397
1.10156 2.37899
1.10449 2.40144
1.10742 2.41128
1.11035 2.40124
1.11328 2.3977
1.11621 2.41044
1.11914 2.40576
1.12207 2.38132
1.125 2.39044
1.12793 2.37145
1.13086 2.34089
1.13379 2.32776
1.13672 2.30787
1.13965 2.27706
1.14258 2.23512
1.14551 2.2039
1.14844 2.16308
1.15137 2.13825
1.1543 2.08009
1.15723 2.02919
1.16016 2.00143
1.16309 1.92985
1.16602 1.90023
1.16895 1.85125
1.17188 1.78355
1.1748 1.72185
1.17773 1.6892
1.18066 1.62193
1.18359 1.57342
1.18652 1.50326
1.18945 1.45963
1.19238 1.38058
1.19531 1.31929
1.19824 1.27619
1.20117 1.20968
1.2041 1.14391
1.20703 1.08901
1.20996 1.05272
1.21289 0.973677
1.21582 0.915261
1.21875 0.878796
1.22168 0.819395
1.22461 0.773925
1.22754 0.719414
1.23047 0.662066
1.2334 0.610702
1.23633 0.564068
1.23926 0.535604
1.24219 0.476481
1.24512 0.446725
1.24805 0.417159
1.25098 0.354646
1.25391 0.335146
1.25684 0.304335
1.25977 0.278329
1.2627 0.250493
1.26562 0.218721
1.26855 0.194303
1.27148 0.162133
1.27441 0.145599
1.27734 0.115405
1.28027 0.104448
1.2832 0.101662
1.28613 0.0753786
1.28906 0.0587439
1.29199 0.0543061
1.29492 0.0543732
1.29785 0.0466874
1.30078 0.0413605
1.30371 0.052271
1.30664 0.0473175
1.30957 0.0654859
1.3125 0.0479463
1.31543 0.0547124
1.31836 0.0739905
1.32129 0.0807301
1.32422 0.0882851
1.32715 0.111198
1.33008 0.110082
1.33301 0.132442
1.33594 0.14202
1.33887 0.15325
1.3418 0.18044
1.34473 0.180179
1.34766 0.22328
1.35059 0.229384
1.35352 0.259164
1.35645 0.270557
1.35938 0.277541
1.3623 0.297989
1.36523 0.313228
1.36816 0.335634
1.37109 0.360617
1.37402 0.358461
1.37695 0.392966
1.37988 0.381973
1.38281 0.409109
1.38574 0.419783
1.38867 0.430386
1.3916 0.451658
1.39453 0.442958
1.39746 0.471714
1.40039 0.476989
1.40332 0.470148
1.40625 0.495668
1.40918 0.480918
1.41211 0.495381
1.41504 0.486249
1.41797 0.47861
1.4209 0.502678
1.42383 0.497896
1.42676 0.480906
1.42969 0.468795
1.43262 0.470816
1.43555 0.460328
1.43848 0.442298
1.44141 0.428812
1.44434 0.426342
1.44727 0.425608
1.4502 0.397423
1.45312 0.39394
1.45605 0.359641
1.45898 0.333207
1.46191 0.334624
1.46484 0.306458
1.46777 0.295918
1.4707 0.268619
1.47363 0.223161
1.47656 0.207625
1.47949 0.176416
1.48242 0.166641
1.48535 0.130435
1.48828 0.117388
1.49121 0.0760409
1.49414 0.0530142
1.49707 0.0316708
1.5 -0.00128637
1.50293 -0.0404665
1.50586 -0.0722236
1.50879 -0.0847433
1.51172 -0.125464
1.51465 -0.158226
1.51758 -0.182253
1.52051 -0.200212
1.52344 -0.222072
1.52637 -0.246025
1.5293 -0.269791
1.53223 -0.291279
1.53516 -0.302244
1.53809 -0.33741
1.54102 -0.368543
1.54395 -0.362983
1.54688 -0.383344
1.5498 -0.418147
1.55273 -0.414814
1.55566 -0.438093
1.55859 -0.457062
1.56152 -0.453615
1.56445 -0.466299
1.56738 -0.471582
1.57031 -0.469363
1.57324 -0.488872
1.57617 -0.471486
1.5791 -0.478373
1.58203 -0.479584
1.58496 -0.480738
1.58789 -0.476694
1.59082 -0.478604
1.59375 -0.459124
1.59668 -0.454962
1.59961 -0.465569
1.60254 -0.455782
1.60547 -0.426257
1.6084 -0.431161
1.61133 -0.410413
1.61426 -0.402433
1.61719 -0.376615
1.62012 -0.353757
1.62305 -0.342589
1.62598 -0.332035
1.62891 -0.32232
1.63184 -0.294013
1.63477 -0.286506
1.6377 -0.279636
1.64062 -0.242544
1.64355 -0.245154
1.64648 -0.221338
1.64941 -0.192409
1.65234 -0.18252
1.65527 -0.164105
1.6582 -0.162641
1.66113 -0.146805
1.66406 -0.145945
1.66699 -0.126895
1.66992 -0.119483
1.67285 -0.0953896
1.67578 -0.0824081
1.67871 -0.077496
1.68164 -0.0911227
1.68457 -0.0683096
1.6875 -0.0703457
1.69043 -0.079399
1.69336 -0.0606283
1.69629 -0.0759032
1.69922 -0.0784101
1.70215 -0.0838922
1.70508 -0.081795
1.70801 -0.0776673
1.71094 -0.107951
1.71387 -0.115344
1.7168 -0.121901
1.71973 -0.136495
1.72266 -0.165344
1.72559 -0.186722
1.72852 -0.189227
1.73145 -0.231165
1.73438 -0.249873
1.7373 -0.278453
1.74023 -0.31335
1.74316 -0.343625
1.74609 -0.374704
1.74902 -0.400706
1.75195 -0.434635
1.75488 -0.483466
1.75781 -0.508046
1.76074 -0.5511
1.76367 -0.618868
1.7666 -0.644514
1.76953 -0.69531
1.77246 -0.760179
1.77539 -0.80028
1.77832 -0.86102
1.78125 -0.913404
1.78418 -0.966728
1.78711 -1.01744
1.79004 -1.07272
1.79297 -1.12986
1.7959 -1.17466
1.79883 -1.2475
1.80176 -1.29897
1.80469 -1.3683
1.80762 -1.43479
1.81055 -1.48555
1.81348 -1.53831
1.81641 -1.60599
1.81934 -1.66429
1.82227 -1.70614
1.8252 -1.76487
1.82812 -1.82159
1.83105 -1.86568
1.83398 -1.91953
1.83691 -1.96972
1.83984 -2.02745
1.84277 -2.0728
1.8457 -2.12702
1.84863 -2.16224
1.85156 -2.20132
1.85449 -2.24414
1.85742 -2.27913
1.86035 -2.31345
1.86328 -2.33599
1.86621 -2.35185
1.86914 -2.38598
1.87207 -2.39843
1.875 -2.43139
1.87793 -2.42335
1.88086 -2.45243
1.88379 -2.44749
1.88672 -2.44376
1.88965 -2.44912
1.89258 -2.45395
1.89551 -2.44982
1.89844 -2.42408
1.90137 -2.40978
1.9043 -2.38872
1.90723 -2.36133
1.91016 -2.33658
1.91309 -2.31704
1.91602 -2.28132
1.91895 -2.24733
1.92188 -2.20726
1.9248 -2.16226
1.92773 -2.11702
1.93066 -2.04743
1.93359 -1.99025
1.93652 -1.94393
1.93945 -1.85666
1.94238 -1.81591
1.94531 -1.73711
1.94824 -1.66781
1.95117 -1.59201
1.9541 -1.49724
1.95703 -1.40861
1.95996 -1.33521
1.96289 -1.25244
1.96582 -1.14462
1.96875 -1.07021
1.97168 -0.972072
1.97461 -0.874244
1.97754 -0.787428
1.98047 -0.690122
1.9834 -0.569136
1.98633 -0.482165
1.98926 -0.367415
1.99219 -0.27249
1.99512 -0.181511
1.99805 -0.0608465
2.00098 0.0329416
2.00391 0.140823
2.00684 0.234803
2.00977 0.351149
2.0127 0.455622
2.01562 0.546806
2.01855 0.656336
2.02148 0.746444
2.02441 0.862093
2.02734 0.953495
2.03027 1.03477
2.0332 1.14658
2.03613 1.21309
2.03906 1.31171
2.04199 1.38852
2.04492 1.49099
2.04785 1.56087
2.05078 1.64603
2.05371 1.70798
2.05664 1.78735
2.05957 1.87375
2.0625 1.93062
2.06543 2.00246
2.06836 2.04068
2.07129 2.11347
2.07422 2.16799
2.07715 2.2089
2.08008 2.25567
2.08301 2.29111
2.08594 2.33598
2.08887 2.36056
2.0918 2.40204
2.09473 2.41165
2.09766 2.4426
2.10059 2.45786
2.10352 2.48536
2.10645 2.49408
2.10938 2.4788
2.1123 2.48529
2.11523 2.5
2.11816 2.49583
2.12109 2.47747
2.12402 2.47226
2.12695 2.46049
2.12988 2.4414
2.13281 2.41625
2.13574 2.3853
2.13867 2.34509
2.1416 2.31721
2.14453 2.29127
2.14746 2.2492
2.15039 2.20235
2.15332 2.15927
2.15625 2.11881
2.15918 2.07152
2.16211 2.0112
2.16504 1.96698
2.16797 1.90648
2.1709 1.87072
2.17383 1.81635
2.17676 1.75945
2.17969 1.68369
2.18262 1.6383
2.18555 1.59062
2.18848 1.52215
2.19141 1.47278
2.19434 1.41006
2.19727 1.33983
2.2002 1.26903
2.20312 1.21094
2.20605 1.15777
2.20898 1.11699
2.21191 1.05112
2.21484 0.979609
2.21777 0.945502
2.2207 0.882753
2.22363 0.839657
2.22656 0.776325
2.22949 0.733859
2.23242 0.671268
2.23535 0.621175
2.23828 0.578791
2.24121 0.54199
2.24414 0.496408
2.24707 0.435948
2.25 0.40423
2.25293 0.380522
2.25586 0.332314
2.25879 0.298345
2.26172 0.271048
2.26465 0.229742
2.26758 0.201406
2.27051 0.189626
2.27344 0.167416
2.27637 0.128909
2.2793 0.114404
2.28223 0.10893
2.28516 0.1017
2.28809 0.0833052
2.29102 0.0732426
2.29395 0.0461479
2.29688 0.0400568
2.2998 0.0540916
2.30273 0.0529331
2.30566 0.0385643
2.30859 0.0530018
2.31152 0.0501233
2.31445 0.052389
2.31738 0.0617983
2.32031 0.0732128
2.32324 0.0956723
2.32617 0.108314
2.3291 0.128794
2.33203 0.136239
2.33496 0.150704
2.33789 0.183662
2.34082 0.202403
2.34375 0.206176
2.34668 0.229253
2.34961 0.249913
2.35254 0.287474
2.35547 0.300104
2.3584 0.320712
2.36133 0.344484
2.36426 0.357952
2.36719 0.388146
2.37012 0.387482
2.37305 0.410586
2.37598 0.446026
2.37891 0.464515
2.38184 0.484833
2.38477 0.497908
2.3877 0.512536
2.39062 0.518988
2.39355 0.528314
2.39648 0.551367
2.39941 0.537453
2.40234 0.562343
2.40527 0.576386
2.4082 0.558682
2.41113 0.579979
2.41406 0.572097
2.41699 0.576468
2.41992 0.570874
2.42285 0.577155
2.42578 0.573878
2.42871 0.550444
2.43164 0.551509
2.43457 0.527357
2.4375 0.529499
2.44043 0.525655
2.44336 0.485579
2.44629 0.474483
2.44922 0.465461
2.45215 0.451292
2.45508 0.428495
2.45801 0.397339
2.46094 0.386222
2.46387 0.363363
2.4668 0.317731
2.46973 0.303936
2.47266 0.281409
2.47559 0.230159
2.47852 0.213695
2.48145 0.181818
2.48438 0.153363
2.4873 0.119713
2.49023 0.0907956
2.49316 0.0505345
2.49609 0.0237768
2.49902 -0.000396804
2.50195 -0.0226548
2.50488 -0.0586086
2.50781 -0.105413
2.51074 -0.130563
2.51367 -0.155515
2.5166 -0.198858
2.51953 -0.21101
2.52246 -0.251851
2.52539 -0.278966
2.52832 -0.302047
2.53125 -0.330231
2.53418 -0.351402
2.53711 -0.365469
2.54004 -0.380853
2.54297 -0.420418
2.5459 -0.432254
2.54883 -0.452285
2.55176 -0.475064
2.55469 -0.48056
2.55762 -0.488135
2.56055 -0.493215
2.56348 -0.516445
2.56641 -0.514227
2.56934 -0.529344
2.57227 -0.52201
2.5752 -0.540661
2.57812 -0.526072
2.58105 -0.539401
2.58398 -0.534538
2.58691 -0.510598
2.58984 -0.512097
2.59277 -0.521405
2.5957 -0.497997
2.59863 -0.483666
2.60156 -0.483772
2.60449 -0.479362
2.60742 -0.475556
2.61035 -0.45593
2.61328 -0.433828
2.61621 -0.427431
2.61914 -0.402414
2.62207 -0.381348
2.625 -0.370382
2.62793 -0.362866
2.63086 -0.334488
2.63379 -0.314324
2.63672 -0.29925
2.63965 -0.300924
2.64258 -0.259959
2.64551 -0.263983
2.64844 -0.233297
2.65137 -0.214709
2.6543 -0.205757
2.65723 -0.1939
2.66016 -0.157978
2.66309 -0.138795
2.66602 -0.144545
2.66895 -0.122508
2.67188 -0.119244
2.6748 -0.0967981
2.67773 -0.0845901
2.68066 -0.0628969
2.68359 -0.0591441
2.68652 -0.0621691
2.68945 -0.0386026
2.69238 -0.0488502
2.69531 -0.0350368
2.69824 -0.0242123
2.70117 -0.0325903
2.7041 -0.0432427
2.70703 -0.0459397
2.70996 -0.0501656
2.71289 -0.0614711
2.71582 -0.0479924
2.71875 -0.0678394
2.72168 -0.0744624
2.72461 -0.0926594
2.72754 -0.121935
2.73047 -0.12729
2.7334 -0.157092
2.73633 -0.18761
2.73926 -0.214787
2.74219 -0.25062
2.74512 -0.268803
2.74805 -0.307996
2.75098 -0.35892
2.75391 -0.380581
2.75684 -0.419713
2.75977 -0.469575
2.7627 -0.507926
2.76562 -0.571115
2.76855 -0.598641
2.77148 -0.659173
2.77441 -0.705619
2.77734 -0.749265
2.78027 -0.825298
2.7832 -0.863861
2.78613 -0.929009
2.78906 -0.999815
2.79199 -1.05022
2.79492 -1.09958
2.79785 -1.17202
2.80078 -1.2232
2.80371 -1.27793
2.80664 -1.35612
2.80957 -1.41608
2.8125 -1.46372
2.81543 -1.54369
2.81836 -1.58609
2.82129 -1.64487
2.82422 -1.70226
2.82715 -1.77538
2.83008 -1.83106
2.83301 -1.89122
2.83594 -1.91902
2.83887 -1.97534
2.8418 -2.04518
2.84473 -2.07845
2.84766 -2.12743
2.85059 -2.17048
2.85352 -2.21837
2.85645 -2.24911
2.85938 -2.29137
2.8623 -2.31398
2.86523 -2.35869
2.86816 -2.38254
2.87109 -2.41735
2.87402 -2.43517
2.87695 -2.42952
2.87988 -2.46685
2.88281 -2.46561
2.88574 -2.46654
2.88867 -2.4773
2.8916 -2.48293
2.89453 -2.4661
2.89746 -2.45455
2.90039 -2.44721
2.90332 -2.43284
2.90625 -2.40094
2.90918 -2.39151
2.91211 -2.36438
2.91504 -2.31915
2.91797 -2.28546
2.9209 -2.24554
2.92383 -2.19342
2.92676 -2.14978
2.92969 -2.10253
2.93262 -2.03093
2.93555 -1.96109
2.93848 -1.90574
2.94141 -1.85033
2.94434 -1.77657
2.94727 -1.70304
2.9502 -1.61636
2.95312 -1.55028
2.95605 -1.45456
2.95898 -1.38372
2.96191 -1.29276
2.96484 -1.18667
2.96777 -1.08595
2.9707 -1.01213
2.97363 -0.916469
2.97656 -0.804925
2.97949 -0.706781
2.98242 -0.613784
2.98535 -0.514639
2.98828 -0.411036
2.99121 -0.293707
2.99414 -0.195526
2.99707 -0.0800116


