0 1
0.02 1
0.04 0.9996
0.06 0.9988
0.08 0.997601
0.1 0.996002
0.12 0.994006
0.14 0.991611
0.16 0.98882
0.18 0.985634
0.2 0.982053
0.22 0.978079
0.24 0.973714
0.26 0.96896
0.28 0.963818
0.3 0.95829
0.32 0.95238
0.34 0.946088
0.36 0.939418
0.38 0.932372
0.4 0.924953
0.42 0.917164
0.44 0.909008
0.46 0.900489
0.48 0.891609
0.5 0.882373
0.52 0.872784
0.54 0.862846
0.56 0.852562
0.58 0.841938
0.6 0.830977
0.62 0.819683
0.64 0.808062
0.66 0.796117
0.68 0.783854
0.7 0.771277
0.72 0.758392
0.74 0.745204
0.76 0.731717
0.78 0.717938
0.8 0.703871
0.82 0.689523
0.84 0.674899
0.86 0.660006
0.88 0.644848
0.9 0.629432
0.92 0.613764
0.94 0.597851
0.96 0.581699
0.98 0.565314
1 0.548704
1.02 0.531873
1.04 0.51483
1.06 0.497581
1.08 0.480133
1.1 0.462492
1.12 0.444667
1.14 0.426664
1.16 0.40849
1.18 0.390153
1.2 0.37166
1.22 0.353018
1.24 0.334235
1.26 0.315318
1.28 0.296275
1.3 0.277114
1.32 0.257842
1.34 0.238466
1.36 0.218996
1.38 0.199437
1.4 0.179799
1.42 0.160089
1.44 0.140315
1.46 0.120485
1.48 0.100606
1.5 0.0806877
1.52 0.0607368
1.54 0.0407616
1.56 0.02077
1.58 0.000770197
1.6 -0.01923
1.62 -0.0392224
1.64 -0.0591992
1.66 -0.0791523
1.68 -0.0990737
1.7 -0.118955
1.72 -0.13879
1.74 -0.158568
1.76 -0.178284
1.78 -0.197928
1.8 -0.217492
1.82 -0.23697
1.84 -0.256353
1.86 -0.275634
1.88 -0.294804
1.9 -0.313856
1.92 -0.332783
1.94 -0.351577
1.96 -0.37023
1.98 -0.388734
2 -0.407084
2.02 -0.42527
2.04 -0.443287
2.06 -0.461126
2.08 -0.478781
2.1 -0.496244
2.12 -0.513509
2.14 -0.530568
2.16 -0.547415
2.18 -0.564043
2.2 -0.580446
2.22 -0.596616
2.24 -0.612548
2.26 -0.628234
2.28 -0.64367
2.3 -0.658847
2.32 -0.673762
2.34 -0.688407
2.36 -0.702776
2.38 -0.716864
2.4 -0.730666
2.42 -0.744175
2.44 -0.757387
2.46 -0.770296
2.48 -0.782896
2.5 -0.795184
2.52 -0.807153
2.54 -0.8188
2.56 -0.830119
2.58 -0.841106
2.6 -0.851756
2.62 -0.862066
2.64 -0.872031
2.66 -0.881647
2.68 -0.890911
2.7 -0.899818
2.72 -0.908365
2.74 -0.916549
2.76 -0.924366
2.78 -0.931814
2.8 -0.938888
2.82 -0.945588
2.84 -0.951909
2.86 -0.957849
2.88 -0.963406
2.9 -0.968578
2.92 -0.973362
2.94 -0.977757
2.96 -0.981761
2.98 -0.985372
3 -0.988589
3.02 -0.99141
3.04 -0.993835
3.06 -0.995863
3.08 -0.997492
3.1 -0.998722
3.12 -0.999553
3.14 -0.999983
3.16 -1.00001
3.18 -0.999645
3.2 -0.998876
3.22 -0.997707
3.24 -0.99614
3.26 -0.994174
3.28 -0.99181
3.3 -0.989049
3.32 -0.985893
3.34 -0.982342
3.36 -0.978399
3.38 -0.974064
3.4 -0.96934
3.42 -0.964228
3.44 -0.95873
3.46 -0.952848
3.48 -0.946586
3.5 -0.939945
3.52 -0.932928
3.54 -0.925537
3.56 -0.917777
3.58 -0.909649
3.6 -0.901158
3.62 -0.892306
3.64 -0.883097
3.66 -0.873535
3.68 -0.863623
3.7 -0.853367
3.72 -0.842768
3.74 -0.831833
3.76 -0.820565
3.78 -0.808968
3.8 -0.797048
3.82 -0.78481
3.84 -0.772257
3.86 -0.759395
3.88 -0.74623
3.9 -0.732766
3.92 -0.719009
3.94 -0.704965
3.96 -0.690638
3.98 -0.676035
4 -0.661162
4.02 -0.646024
4.04 -0.630628
4.06 -0.61498
4.08 -0.599086
4.1 -0.582952
4.12 -0.566584
4.14 -0.549991
4.16 -0.533177
4.18 -0.51615
4.2 -0.498916
4.22 -0.481483
4.24 -0.463858
4.26 -0.446046
4.28 -0.428057
4.3 -0.409896
4.32 -0.391571
4.34 -0.37309
4.36 -0.354459
4.38 -0.335687
4.4 -0.31678
4.42 -0.297746
4.44 -0.278594
4.46 -0.25933
4.48 -0.239962
4.5 -0.220498
4.52 -0.200947
4.54 -0.181314
4.56 -0.161609
4.58 -0.14184
4.6 -0.122014
4.62 -0.102139
4.64 -0.082223
4.66 -0.0622743
4.68 -0.0423006
4.7 -0.0223101
4.72 -0.00231059
4.74 0.0176898
4.76 0.0376832
4.78 0.0576614
4.8 0.0776166
4.82 0.0975408
4.84 0.117426
4.86 0.137264
4.88 0.157047
4.9 0.176768
4.92 0.196417
4.94 0.215989
4.96 0.235473
4.98 0.254864
5 0.274153
5.02 0.293332
5.04 0.312393
5.06 0.33133
5.08 0.350134
5.1 0.368798
5.12 0.387315
5.14 0.405676
5.16 0.423876
5.18 0.441906
5.2 0.459759
5.22 0.477428
5.24 0.494906
5.26 0.512186
5.28 0.529262
5.3 0.546125
5.32 0.56277
5.34 0.579191
5.36 0.595379
5.38 0.611329
5.4 0.627035
5.42 0.64249
5.44 0.657688
5.46 0.672623
5.48 0.687288
5.5 0.701679
5.52 0.71579
5.54 0.729613
5.56 0.743146
5.58 0.75638
5.6 0.769313
5.62 0.781937
5.64 0.794249
5.66 0.806243
5.68 0.817914
5.7 0.829259
5.72 0.840271
5.74 0.850948
5.76 0.861284
5.78 0.871276
5.8 0.880919
5.82 0.89021
5.84 0.899145
5.86 0.90772
5.88 0.915932
5.9 0.923777
5.92 0.931253
5.94 0.938357
5.96 0.945085
5.98 0.951435
6 0.957405
6.02 0.962992
6.04 0.968193
6.06 0.973007
6.08 0.977432
6.1 0.981466
6.12 0.985108
6.14 0.988355
6.16 0.991207
6.18 0.993663
6.2 0.995721
6.22 0.997381
6.24 0.998641
6.26 0.999503
6.28 0.999964
6.3 1.00003
6.32 0.999688
6.34 0.998949
6.36 0.997812
6.38 0.996275
6.4 0.994339
6.42 0.992006
6.44 0.989276
6.46 0.98615
6.48 0.98263
6.5 0.978717
6.52 0.974412
6.54 0.969717
6.56 0.964635
6.58 0.959167
6.6 0.953315
6.62 0.947082
6.64 0.94047
6.66 0.933481
6.68 0.92612
6.7 0.918388
6.72 0.910288
6.74 0.901825
6.76 0.893
6.78 0.883819
6.8 0.874284
6.82 0.864399
6.84 0.854169
6.86 0.843596
6.88 0.832687
6.9 0.821444
6.92 0.809873
6.94 0.797978
6.96 0.785763
6.98 0.773235
7 0.760397
7.02 0.747255
7.04 0.733813
7.06 0.720079
7.08 0.706056
7.1 0.691751
7.12 0.67717
7.14 0.662317
7.16 0.647199
7.18 0.631823
7.2 0.616194
7.22 0.600318
7.24 0.584203
7.26 0.567853
7.28 0.551277
7.3 0.534479
7.32 0.517469
7.34 0.500251
7.36 0.482833
7.38 0.465222
7.4 0.447425
7.42 0.429448
7.44 0.4113
7.46 0.392988
7.48 0.374518
7.5 0.355899
7.52 0.337137
7.54 0.31824
7.56 0.299217
7.58 0.280073
7.6 0.260817
7.62 0.241457
7.64 0.222001
7.66 0.202455
7.68 0.182829
7.7 0.163129
7.72 0.143365
7.74 0.123543
7.76 0.103671
7.78 0.0837581
7.8 0.0638116
7.82 0.0438396
7.84 0.0238501
7.86 0.00385098
7.88 -0.0161496
7.9 -0.0361438
7.92 -0.0561235
7.94 -0.0760808
7.96 -0.0960076
7.98 -0.115896
8 -0.135738
8.02 -0.155526
8.04 -0.175251
8.06 -0.194907
8.08 -0.214484
8.1 -0.233976
8.12 -0.253374
8.14 -0.272671
8.16 -0.291859
8.18 -0.31093
8.2 -0.329876
8.22 -0.348691
8.24 -0.367366
8.26 -0.385894
8.28 -0.404268
8.3 -0.42248
8.32 -0.440523
8.34 -0.45839
8.36 -0.476074
8.38 -0.493567
8.4 -0.510863
8.42 -0.527954
8.44 -0.544834
8.46 -0.561496
8.48 -0.577934
8.5 -0.594141
8.52 -0.610109
8.54 -0.625834
8.56 -0.641309
8.58 -0.656527
8.6 -0.671482
8.62 -0.686169
8.64 -0.700581
8.66 -0.714713
8.68 -0.728559
8.7 -0.742114
8.72 -0.755372
8.74 -0.768327
8.76 -0.780976
8.78 -0.793312
8.8 -0.805331
8.82 -0.817027
8.84 -0.828397
8.86 -0.839435
8.88 -0.850138
8.9 -0.8605
8.92 -0.870519
8.94 -0.880189
8.96 -0.889507
8.98 -0.898469
9 -0.907072
9.02 -0.915312
9.04 -0.923186
9.06 -0.930691
9.08 -0.937823
9.1 -0.94458
9.12 -0.95096
9.14 -0.956959
9.16 -0.962575
9.18 -0.967806
9.2 -0.97265
9.22 -0.977105
9.24 -0.981169
9.26 -0.984841
9.28 -0.988119
9.3 -0.991002
9.32 -0.993488
9.34 -0.995576
9.36 -0.997267
9.38 -0.998559
9.4 -0.999451
9.42 -0.999943
9.44 -1.00004
9.46 -0.999728
9.48 -0.99902
9.5 -0.997913
9.52 -0.996407
9.54 -0.994502
9.56 -0.9922
9.58 -0.9895
9.6 -0.986405
9.62 -0.982915
9.64 -0.979032
9.66 -0.974757
9.68 -0.970093
9.7 -0.96504
9.72 -0.959602
9.74 -0.953779
9.76 -0.947575
9.78 -0.940992
9.8 -0.934033
9.82 -0.9267
9.84 -0.918996
9.86 -0.910925
9.88 -0.902489
9.9 -0.893693
9.92 -0.884539
9.94 -0.875031
9.96 -0.865173
9.98 -0.854969
10 -0.844423
10.02 -0.833539
10.04 -0.822322
10.06 -0.810776
10.08 -0.798905
10.1 -0.786715
10.12 -0.774211
10.14 -0.761396
10.16 -0.748277
10.18 -0.734859
10.2 -0.721147
10.22 -0.707146
10.24 -0.692863
10.26 -0.678302
10.28 -0.66347
10.3 -0.648373
10.32 -0.633016
10.34 -0.617406
10.36 -0.60155
10.38 -0.585452
10.4 -0.56912
10.42 -0.552561
10.44 -0.535781
10.46 -0.518786
10.48 -0.501584
10.5 -0.484181
10.52 -0.466585
10.54 -0.448802
10.56 -0.430839
10.58 -0.412704
10.6 -0.394404
10.62 -0.375946
10.64 -0.357338
10.66 -0.338587
10.68 -0.3197
10.7 -0.300686
10.72 -0.281551
10.74 -0.262304
10.76 -0.242952
10.78 -0.223502
10.8 -0.203964
10.82 -0.184343
10.84 -0.164649
10.86 -0.144889
10.88 -0.125071
10.9 -0.105203
10.92 -0.085293
10.94 -0.0653488
10.96 -0.0453785
10.98 -0.02539
11 -0.00539136
11.02 0.0146094
11.04 0.0346044
11.06 0.0545855
11.08 0.0745447
11.1 0.0944742
11.12 0.114366
11.14 0.134212
11.16 0.154004
11.18 0.173735
11.2 0.193396
11.22 0.21298
11.24 0.232478
11.26 0.251884
11.28 0.271189
11.3 0.290385
11.32 0.309465
11.34 0.328422
11.36 0.347247
11.38 0.365933
11.4 0.384473
11.42 0.402859
11.44 0.421083
11.46 0.43914
11.48 0.457021
11.5 0.474719
11.52 0.492227
11.54 0.509538
11.56 0.526645
11.58 0.543542
11.6 0.560221
11.62 0.576676
11.64 0.592901
11.66 0.608888
11.68 0.624632
11.7 0.640126
11.72 0.655364
11.74 0.67034
11.76 0.685047
11.78 0.699481
11.8 0.713635
11.82 0.727503
11.84 0.74108
11.86 0.754361
11.88 0.767341
11.9 0.780013
11.92 0.792373
11.94 0.804416
11.96 0.816138
11.98 0.827533
12 0.838597
12.02 0.849326
12.04 0.859714
12.06 0.869759
12.08 0.879457
12.1 0.888802
12.12 0.897792
12.14 0.906422
12.16 0.91469
12.18 0.922593
12.2 0.930126
12.22 0.937287
12.24 0.944073
12.26 0.950482
12.28 0.95651
12.3 0.962156
12.32 0.967417
12.34 0.972291
12.36 0.976776
12.38 0.98087
12.4 0.984572
12.42 0.987881
12.44 0.990794
12.46 0.99331
12.48 0.99543
12.5 0.997151
12.52 0.998473
12.54 0.999396
12.56 0.999919
12.58 1.00004
12.6 0.999766
12.62 0.999089
12.64 0.998013
12.66 0.996537
12.68 0.994663
12.7 0.992391
12.72 0.989722
12.74 0.986657
12.76 0.983198
12.78 0.979345
12.8 0.9751
12.82 0.970466
12.84 0.965443
12.86 0.960034
12.88 0.954241
12.9 0.948067
12.92 0.941513
12.94 0.934582
12.96 0.927278
12.98 0.919603
13 0.91156
13.02 0.903152
13.04 0.894383
13.06 0.885256
13.08 0.875775
13.1 0.865944
13.12 0.855767
13.14 0.845247
13.16 0.834389
13.18 0.823197
13.2 0.811676
13.22 0.799831
13.24 0.787665
13.26 0.775185
13.28 0.762394
13.3 0.749298
13.32 0.735903
13.34 0.722213
13.36 0.708235
13.38 0.693973
13.4 0.679433
13.42 0.664622
13.44 0.649545
13.46 0.634208
13.48 0.618617
13.5 0.602779
13.52 0.5867
13.54 0.570386
13.56 0.553844
13.58 0.537081
13.6 0.520102
13.62 0.502916
13.64 0.485528
13.66 0.467947
13.68 0.450178
13.7 0.432229
13.72 0.414107
13.74 0.395819
13.76 0.377373
13.78 0.358776
13.8 0.340036
13.82 0.32116
13.84 0.302155
13.86 0.283029
13.88 0.26379
13.9 0.244446
13.92 0.225004
13.94 0.205471
13.96 0.185857
13.98 0.166168
14 0.146413
14.02 0.126599
14.04 0.106735
14.06 0.0868277
14.08 0.0668858
14.1 0.0469172
14.12 0.0269299
14.14 0.00693172
14.16 -0.0130692
14.18 -0.0330649
14.2 -0.0530473
14.22 -0.0730085
14.24 -0.0929406
14.26 -0.112835
14.28 -0.132685
14.3 -0.152482
14.32 -0.172217
14.34 -0.191884
14.36 -0.211474
14.38 -0.23098
14.4 -0.250393
14.42 -0.269706
14.44 -0.288911
14.46 -0.308
14.48 -0.326966
14.5 -0.345802
14.52 -0.364499
14.54 -0.38305
14.56 -0.401448
14.58 -0.419686
14.6 -0.437755
14.62 -0.45565
14.64 -0.473362
14.66 -0.490885
14.68 -0.508212
14.7 -0.525335
14.72 -0.542248
14.74 -0.558944
14.76 -0.575417
14.78 -0.59166
14.8 -0.607666
14.82 -0.623428
14.84 -0.638942
14.86 -0.6542
14.88 -0.669196
14.9 -0.683924
14.92 -0.698379
14.94 -0.712555
14.96 -0.726445
14.98 -0.740045
15 -0.753349
15.02 -0.766352
15.04 -0.779048
15.06 -0.791432
15.08 -0.8035
15.1 -0.815247
15.12 -0.826667
15.14 -0.837757
15.16 -0.848511
15.18 -0.858927
15.2 -0.868998
15.22 -0.878722
15.24 -0.888095
15.26 -0.897112
15.28 -0.905771
15.3 -0.914067
15.32 -0.921997
15.34 -0.929559
15.36 -0.936749
15.38 -0.943564
15.4 -0.950002
15.42 -0.95606
15.44 -0.961735
15.46 -0.967026
15.48 -0.971929
15.5 -0.976445
15.52 -0.980569
15.54 -0.984301
15.56 -0.98764
15.58 -0.990583
15.6 -0.993131
15.62 -0.995281
15.64 -0.997033
15.66 -0.998386
15.68 -0.999339
15.7 -0.999893
15.72 -1.00005
15.74 -0.999801
15.76 -0.999155
15.78 -0.99811
15.8 -0.996665
15.82 -0.994822
15.84 -0.99258
15.86 -0.989942
15.88 -0.986907
15.9 -0.983478
15.92 -0.979656
15.94 -0.975441
15.96 -0.970837
15.98 -0.965844
16 -0.960464
16.02 -0.954701
16.04 -0.948556
16.06 -0.942031
16.08 -0.935129
16.1 -0.927854
16.12 -0.920207
16.14 -0.912192
16.16 -0.903812
16.18 -0.895071
16.2 -0.885972
16.22 -0.876518
16.24 -0.866714
16.26 -0.856563
16.28 -0.846069
16.3 -0.835237
16.32 -0.824071
16.34 -0.812575
16.36 -0.800755
16.38 -0.788614
16.4 -0.776157
16.42 -0.76339
16.44 -0.750318
16.46 -0.736945
16.48 -0.723278
16.5 -0.709321
16.52 -0.695081
16.54 -0.680563
16.56 -0.665772
16.58 -0.650715
16.6 -0.635398
16.62 -0.619827
16.64 -0.604008
16.66 -0.587947
16.68 -0.571651
16.7 -0.555126
16.72 -0.53838
16.74 -0.521417
16.76 -0.504247
16.78 -0.486875
16.8 -0.469307
16.82 -0.451553
16.84 -0.433617
16.86 -0.415508
16.88 -0.397233
16.9 -0.378799
16.92 -0.360214
16.94 -0.341484
16.96 -0.322618
16.98 -0.303623
17 -0.284506
17.02 -0.265276
17.04 -0.245939
17.06 -0.226504
17.08 -0.206979
17.1 -0.18737
17.12 -0.167687
17.14 -0.147937
17.16 -0.128127
17.18 -0.108266
17.2 -0.0883621
17.22 -0.0684227
17.24 -0.0484559
17.26 -0.0284697
17.28 -0.00847207
17.3 0.0115289
17.32 0.0315253
17.34 0.051509
17.36 0.0714722
17.38 0.0914067
17.4 0.111305
17.42 0.131158
17.44 0.150959
17.46 0.1707
17.48 0.190372
17.5 0.209968
17.52 0.229481
17.54 0.248901
17.56 0.268222
17.58 0.287435
17.6 0.306534
17.62 0.32551
17.64 0.344356
17.66 0.363064
17.68 0.381627
17.7 0.400037
17.72 0.418287
17.74 0.43637
17.76 0.454278
17.78 0.472005
17.8 0.489542
17.82 0.506884
17.84 0.524024
17.86 0.540953
17.88 0.557666
17.9 0.574157
17.92 0.590417
17.94 0.606441
17.96 0.622223
17.98 0.637756
18 0.653034
18.02 0.66805
18.04 0.6828
18.06 0.697276
18.08 0.711473
18.1 0.725386
18.12 0.739008
18.14 0.752335
18.16 0.765361
18.18 0.778081
18.2 0.79049
18.22 0.802582
18.24 0.814354
18.26 0.825799
18.28 0.836915
18.3 0.847695
18.32 0.858137
18.34 0.868235
18.36 0.877986
18.38 0.887385
18.4 0.89643
18.42 0.905117
18.44 0.913441
18.46 0.921399
18.48 0.92899
18.5 0.936208
18.52 0.943053
18.54 0.949519
18.56 0.955607
18.58 0.961311
18.6 0.966632
18.62 0.971566
18.64 0.976111
18.66 0.980265
18.68 0.984028
18.7 0.987397
18.72 0.990371
18.74 0.992949
18.76 0.995129
18.78 0.996912
18.8 0.998296
18.82 0.99928
18.84 0.999865
18.86 1.00005
18.88 0.999835
18.9 0.999219
18.92 0.998205
18.94 0.996791
18.96 0.994978
18.98 0.992767
19 0.990159
19.02 0.987155
19.04 0.983756
19.06 0.979964
19.08 0.97578
19.1 0.971205
19.12 0.966242
19.14 0.960892
19.16 0.955158
19.18 0.949042
19.2 0.942547
19.22 0.935674
19.24 0.928427
19.26 0.920809
19.28 0.912822
19.3 0.904471
19.32 0.895757
19.34 0.886685
19.36 0.877259
19.38 0.867481
19.4 0.857357
19.42 0.846889
19.44 0.836083
19.46 0.824943
19.48 0.813472
19.5 0.801676
19.52 0.78956
19.54 0.777127
19.56 0.764384
19.58 0.751335
19.6 0.737986
19.62 0.724341
19.64 0.710406
19.66 0.696188
19.68 0.681691
19.7 0.666921
19.72 0.651884
19.74 0.636587
19.76 0.621035
19.78 0.605235
19.8 0.589192
19.82 0.572914
19.84 0.556407
19.86 0.539677
19.88 0.522731
19.9 0.505577
19.92 0.488219
19.94 0.470667
19.96 0.452927
19.98 0.435005
20 0.416909
20.02 0.398646
20.04 0.380224
20.06 0.36165
20.08 0.342932
20.1 0.324076
20.12 0.30509
20.14 0.285983
20.16 0.266761
20.18 0.247432
20.2 0.228004
20.22 0.208485
20.24 0.188883
20.26 0.169205
20.28 0.14946
20.3 0.129655
20.32 0.109797
20.34 0.0898964
20.36 0.0699594
20.38 0.0499944
20.4 0.0300094
20.42 0.0100124
20.44 -0.0099886
20.46 -0.0299856
20.48 -0.0499706
20.5 -0.0699356
20.52 -0.0898727
20.54 -0.109774
20.56 -0.129631
20.58 -0.149436
20.6 -0.169182
20.62 -0.18886
20.64 -0.208462
20.66 -0.227981
20.68 -0.247409
20.7 -0.266738
20.72 -0.28596
20.74 -0.305067
20.76 -0.324053
20.78 -0.342909
20.8 -0.361628
20.82 -0.380202
20.84 -0.398625
20.86 -0.416887
20.88 -0.434983
20.9 -0.452905
20.92 -0.470646
20.94 -0.488199
20.96 -0.505556
20.98 -0.522711
21 -0.539657
21.02 -0.556387
21.04 -0.572895
21.06 -0.589173
21.08 -0.605216
21.1 -0.621016
21.12 -0.636569
21.14 -0.651866
21.16 -0.666903
21.18 -0.681673
21.2 -0.696171
21.22 -0.71039
21.24 -0.724324
21.26 -0.73797
21.28 -0.751319
21.3 -0.764369
21.32 -0.777112
21.34 -0.789545
21.36 -0.801662
21.38 -0.813458
21.4 -0.824929
21.42 -0.83607
21.44 -0.846877
21.46 -0.857345
21.48 -0.867469
21.5 -0.877247
21.52 -0.886674
21.54 -0.895746
21.56 -0.90446
21.58 -0.912813
21.6 -0.9208
21.62 -0.928418
21.64 -0.935666
21.66 -0.942539
21.68 -0.949035
21.7 -0.955151
21.72 -0.960886
21.74 -0.966236
21.76 -0.971199
21.78 -0.975774
21.8 -0.979959
21.82 -0.983752
21.84 -0.987151
21.86 -0.990156
21.88 -0.992764
21.9 -0.994975
21.92 -0.996789
21.94 -0.998203
21.96 -0.999218
21.98 -0.999834
22 -1.00005
22.02 -0.999865
22.04 -0.999281
22.06 -0.998297
22.08 -0.996914
22.1 -0.995132
22.12 -0.992951
22.14 -0.990374
22.16 -0.987401
22.18 -0.984032
22.2 -0.98027
22.22 -0.976116
22.24 -0.971571
22.26 -0.966638
22.28 -0.961318
22.3 -0.955614
22.32 -0.949527
22.34 -0.94306
22.36 -0.936217
22.38 -0.928999
22.4 -0.921409
22.42 -0.91345
22.44 -0.905127
22.46 -0.896441
22.48 -0.887396
22.5 -0.877997
22.52 -0.868247
22.54 -0.858149
22.56 -0.847708
22.58 -0.836928
22.6 -0.825813
22.62 -0.814367
22.64 -0.802596
22.66 -0.790504
22.68 -0.778096
22.7 -0.765377
22.72 -0.752351
22.74 -0.739024
22.76 -0.725402
22.78 -0.71149
22.8 -0.697293
22.82 -0.682817
22.84 -0.668068
22.86 -0.653052
22.88 -0.637774
22.9 -0.622242
22.92 -0.60646
22.94 -0.590436
22.96 -0.574176
22.98 -0.557686
23 -0.540973
23.02 -0.524044
23.04 -0.506905
23.06 -0.489563
23.08 -0.472026
23.1 -0.454299
23.12 -0.436391
23.14 -0.418309
23.16 -0.400059
23.18 -0.381649
23.2 -0.363086
23.22 -0.344378
23.24 -0.325533
23.26 -0.306557
23.28 -0.287458
23.3 -0.268245
23.32 -0.248924
23.34 -0.229504
23.36 -0.209992
23.38 -0.190396
23.4 -0.170723
23.42 -0.150983
23.44 -0.131182
23.46 -0.111328
23.48 -0.0914304
23.5 -0.0714959
23.52 -0.0515328
23.54 -0.0315491
23.56 -0.0115527
23.58 0.00844827
23.6 0.0284459
23.62 0.0484321
23.64 0.0683989
23.66 0.0883384
23.68 0.108243
23.7 0.128103
23.72 0.147913
23.74 0.167663
23.76 0.187347
23.78 0.206955
23.8 0.226481
23.82 0.245916
23.84 0.265253
23.86 0.284483
23.88 0.3036
23.9 0.322596
23.92 0.341462
23.94 0.360192
23.96 0.378777
23.98 0.397211
24 0.415487
24.02 0.433596
24.04 0.451531
24.06 0.469286
24.08 0.486854
24.1 0.504226
24.12 0.521397
24.14 0.53836
24.16 0.555106
24.18 0.571631
24.2 0.587928
24.22 0.603989
24.24 0.619808
24.26 0.63538
24.28 0.650697
24.3 0.665755
24.32 0.680545
24.34 0.695064
24.36 0.709305
24.38 0.723262
24.4 0.736929
24.42 0.750302
24.44 0.763375
24.46 0.776142
24.48 0.788599
24.5 0.80074
24.52 0.812561
24.54 0.824058
24.56 0.835224
24.58 0.846057
24.6 0.856551
24.62 0.866702
24.64 0.876507
24.66 0.885961
24.68 0.89506
24.7 0.903802
24.72 0.912182
24.74 0.920198
24.76 0.927845
24.78 0.935121
24.8 0.942023
24.82 0.948548
24.84 0.954694
24.86 0.960458
24.88 0.965838
24.9 0.970831
24.92 0.975436
24.94 0.979651
24.96 0.983474
24.98 0.986904
25 0.989938
25.02 0.992577
25.04 0.994819
25.06 0.996663
25.08 0.998108
25.1 0.999154
25.12 0.999801
25.14 1.00005
25.16 0.999894
25.18 0.99934
25.2 0.998387
25.22 0.997034
25.24 0.995283
25.26 0.993133
25.28 0.990587
25.3 0.987644
25.32 0.984305
25.34 0.980574
25.36 0.97645
25.38 0.971935
25.4 0.967032
25.42 0.961741
25.44 0.956067
25.46 0.950009
25.48 0.943572
25.5 0.936757
25.52 0.929568
25.54 0.922006
25.56 0.914076
25.58 0.905781
25.6 0.897123
25.62 0.888106
25.64 0.878734
25.66 0.86901
25.68 0.858939
25.7 0.848524
25.72 0.83777
25.74 0.82668
25.76 0.81526
25.78 0.803514
25.8 0.791447
25.82 0.779063
25.84 0.766367
25.86 0.753365
25.88 0.740061
25.9 0.726462
25.92 0.712571
25.94 0.698396
25.96 0.683942
25.98 0.669213
26 0.654218
26.02 0.63896
26.04 0.623447
26.06 0.607684
26.08 0.591679
26.1 0.575437
26.12 0.558964
26.14 0.542268
26.16 0.525355
26.18 0.508232
26.2 0.490906
26.22 0.473383
26.24 0.455671
26.26 0.437777
26.28 0.419707
26.3 0.40147
26.32 0.383072
26.34 0.364521
26.36 0.345824
26.38 0.326989
26.4 0.308023
26.42 0.288933
26.44 0.269728
26.46 0.250416
26.48 0.231003
26.5 0.211497
26.52 0.191908
26.54 0.172241
26.56 0.152505
26.58 0.132709
26.6 0.112859
26.62 0.0929643
26.64 0.0730323
26.66 0.0530711
26.68 0.0330887
26.7 0.013093
26.72 -0.00690792
26.74 -0.0269061
26.76 -0.0468934
26.78 -0.0668621
26.8 -0.0868039
26.82 -0.106711
26.84 -0.126576
26.86 -0.146389
26.88 -0.166145
26.9 -0.185834
26.92 -0.205448
26.94 -0.22498
26.96 -0.244423
26.98 -0.263767
27 -0.283006
27.02 -0.302132
27.04 -0.321137
27.06 -0.340014
27.08 -0.358754
27.1 -0.377351
27.12 -0.395797
27.14 -0.414085
27.16 -0.432207
27.18 -0.450156
27.2 -0.467926
27.22 -0.485508
27.24 -0.502895
27.26 -0.520082
27.28 -0.537061
27.3 -0.553825
27.32 -0.570367
27.34 -0.586681
27.36 -0.60276
27.38 -0.618599
27.4 -0.63419
27.42 -0.649527
27.44 -0.664604
27.46 -0.679416
27.48 -0.693956
27.5 -0.708218
27.52 -0.722197
27.54 -0.735887
27.56 -0.749283
27.58 -0.762379
27.6 -0.77517
27.62 -0.787651
27.64 -0.799817
27.66 -0.811663
27.68 -0.823184
27.7 -0.834376
27.72 -0.845234
27.74 -0.855754
27.76 -0.865932
27.78 -0.875764
27.8 -0.885245
27.82 -0.894372
27.84 -0.903142
27.86 -0.91155
27.88 -0.919593
27.9 -0.927269
27.92 -0.934574
27.94 -0.941505
27.96 -0.948059
27.98 -0.954234
28 -0.960027
28.02 -0.965437
28.04 -0.97046
28.06 -0.975095
28.08 -0.97934
28.1 -0.983193
28.12 -0.986653
28.14 -0.989719
28.16 -0.992388
28.18 -0.994661
28.2 -0.996535
28.22 -0.998011
28.24 -0.999088
28.26 -0.999765
28.28 -1.00004
28.3 -0.99992
28.32 -0.999397
28.34 -0.998475
28.36 -0.997153
28.38 -0.995432
28.4 -0.993313
28.42 -0.990797
28.44 -0.987884
28.46 -0.984577
28.48 -0.980875
28.5 -0.976781
28.52 -0.972297
28.54 -0.967423
28.56 -0.962163
28.58 -0.956517
28.6 -0.950489
28.62 -0.944081
28.64 -0.937295
28.66 -0.930135
28.68 -0.922602
28.7 -0.9147
28.72 -0.906432
28.74 -0.897802
28.76 -0.888813
28.78 -0.879468
28.8 -0.869771
28.82 -0.859727
28.84 -0.849338
28.86 -0.83861
28.88 -0.827546
28.9 -0.816152
28.92 -0.80443
28.94 -0.792388
28.96 -0.780028
28.98 -0.767356
29 -0.754377
29.02 -0.741096
29.04 -0.727519
29.06 -0.713651
29.08 -0.699498
29.1 -0.685065
29.12 -0.670357
29.14 -0.655382
29.16 -0.640144
29.18 -0.624651
29.2 -0.608907
29.22 -0.59292
29.24 -0.576696
29.26 -0.560241
29.28 -0.543562
29.3 -0.526665
29.32 -0.509558
29.34 -0.492247
29.36 -0.474739
29.38 -0.457042
29.4 -0.439161
29.42 -0.421105
29.44 -0.40288
29.46 -0.384495
29.48 -0.365955
29.5 -0.347269
29.52 -0.328444
29.54 -0.309488
29.56 -0.290408
29.58 -0.271211
29.6 -0.251907
29.62 -0.232501
29.64 -0.213003
29.66 -0.193419
29.68 -0.173758
29.7 -0.154028
29.72 -0.134235
29.74 -0.11439
29.76 -0.0944979
29.78 -0.0745685
29.8 -0.0546092
29.82 -0.0346282
29.84 -0.0146332
29.86 0.00536756
29.88 0.0253662
29.9 0.0453547
29.92 0.065325
29.94 0.0852693
29.96 0.105179
29.98 0.125047
30 0.144865
30.02 0.164626
30.04 0.18432
30.06 0.20394
30.08 0.223479
30.1 0.242929
30.12 0.262281
30.14 0.281528
30.16 0.300663
30.18 0.319678
30.2 0.338565
30.22 0.357316
30.24 0.375924
30.26 0.394382
30.28 0.412682
30.3 0.430818
30.32 0.44878
30.34 0.466564
30.36 0.48416
30.38 0.501563
30.4 0.518766
30.42 0.535761
30.44 0.552541
30.46 0.569101
30.48 0.585433
30.5 0.601531
30.52 0.617388
30.54 0.632998
30.56 0.648355
30.58 0.663452
30.6 0.678285
30.62 0.692846
30.64 0.70713
30.66 0.72113
30.68 0.734843
30.7 0.748262
30.72 0.761381
30.74 0.774196
30.76 0.786701
30.78 0.798891
30.8 0.810762
30.82 0.822308
30.84 0.833526
30.86 0.84441
30.88 0.854956
30.9 0.865161
30.92 0.875019
30.94 0.884527
30.96 0.893682
30.98 0.902479
31 0.910915
31.02 0.918987
31.04 0.926691
31.06 0.934024
31.08 0.940984
31.1 0.947568
31.12 0.953772
31.14 0.959595
31.16 0.965034
31.18 0.970087
31.2 0.974752
31.22 0.979027
31.24 0.982911
31.26 0.986401
31.28 0.989497
31.3 0.992197
31.32 0.9945
31.34 0.996405
31.36 0.997912
31.38 0.999019
31.4 0.999727
31.42 1.00004
31.44 0.999943
31.46 0.999452
31.48 0.99856
31.5 0.997269
31.52 0.995579
31.54 0.99349
31.56 0.991005
31.58 0.988123
31.6 0.984845
31.62 0.981174
31.64 0.97711
31.66 0.972656
31.68 0.967812
31.7 0.962581
31.72 0.956966
31.74 0.950967
31.76 0.944588
31.78 0.937831
31.8 0.930699
31.82 0.923195
31.84 0.915322
31.86 0.907082
31.88 0.89848
31.9 0.889518
31.92 0.8802
31.94 0.87053
31.96 0.860512
31.98 0.85015
32 0.839448
32.02 0.82841
32.04 0.817041
32.06 0.805345
32.08 0.793326
32.1 0.780991
32.12 0.768343
32.14 0.755387
32.16 0.74213
32.18 0.728575
32.2 0.71473
32.22 0.700598
32.24 0.686186
32.26 0.6715
32.28 0.656545
32.3 0.641327
32.32 0.625853
32.34 0.610128
32.36 0.59416
32.38 0.577954
32.4 0.561516
32.42 0.544854
32.44 0.527974
32.46 0.510883
32.48 0.493588
32.5 0.476095
32.52 0.458411
32.54 0.440545
32.56 0.422502
32.58 0.40429
32.6 0.385916
32.62 0.367388
32.64 0.348713
32.66 0.329899
32.68 0.310952
32.7 0.291881
32.72 0.272694
32.74 0.253397
32.76 0.233999
32.78 0.214508
32.8 0.19493
32.82 0.175275
32.84 0.155549
32.86 0.135762
32.88 0.11592
32.9 0.0960313
32.92 0.0761045
32.94 0.0561473
32.96 0.0361676
32.98 0.0161734
33 -0.00382718
33.02 -0.0238263
33.04 -0.0438158
33.06 -0.0637879
33.08 -0.0837344
33.1 -0.103647
33.12 -0.123519
33.14 -0.143341
33.16 -0.163106
33.18 -0.182806
33.2 -0.202432
33.22 -0.221977
33.24 -0.241434
33.26 -0.260794
33.28 -0.28005
33.3 -0.299194
33.32 -0.318218
33.34 -0.337115
33.36 -0.355877
33.38 -0.374496
33.4 -0.392966
33.42 -0.411279
33.44 -0.429427
33.46 -0.447403
33.48 -0.465201
33.5 -0.482812
33.52 -0.50023
33.54 -0.517448
33.56 -0.534459
33.58 -0.551257
33.6 -0.567834
33.62 -0.584183
33.64 -0.600299
33.66 -0.616175
33.68 -0.631805
33.7 -0.647181
33.72 -0.662299
33.74 -0.677152
33.76 -0.691734
33.78 -0.706039
33.8 -0.720062
33.82 -0.733797
33.84 -0.747239
33.86 -0.760381
33.88 -0.77322
33.9 -0.785749
33.92 -0.797963
33.94 -0.809859
33.96 -0.821431
33.98 -0.832674
34 -0.843584
34.02 -0.854156
34.04 -0.864387
34.06 -0.874272
34.08 -0.883808
34.1 -0.89299
34.12 -0.901814
34.14 -0.910278
34.16 -0.918378
34.18 -0.926111
34.2 -0.933473
34.22 -0.940462
34.24 -0.947074
34.26 -0.953308
34.28 -0.95916
34.3 -0.964629
34.32 -0.969712
34.34 -0.974407
34.36 -0.978712
34.38 -0.982626
34.4 -0.986146
34.42 -0.989272
34.44 -0.992003
34.46 -0.994337
34.48 -0.996273
34.5 -0.99781
34.52 -0.998948
34.54 -0.999687
34.56 -1.00003
34.58 -0.999965
34.6 -0.999504
34.62 -0.998643
34.64 -0.997382
34.66 -0.995723
34.68 -0.993665
34.7 -0.99121
34.72 -0.988359
34.74 -0.985112
34.76 -0.981471
34.78 -0.977437
34.8 -0.973013
34.82 -0.968199
34.84 -0.962998
34.86 -0.957412
34.88 -0.951443
34.9 -0.945093
34.92 -0.938365
34.94 -0.931262
34.96 -0.923786
34.98 -0.915941
35 -0.90773
35.02 -0.899155
35.04 -0.890221
35.06 -0.88093
35.08 -0.871288
35.1 -0.861296
35.12 -0.850961
35.14 -0.840284
35.16 -0.829272
35.18 -0.817928
35.2 -0.806257
35.22 -0.794263
35.24 -0.781952
35.26 -0.769328
35.28 -0.756396
35.3 -0.743161
35.32 -0.72963
35.34 -0.715806
35.36 -0.701696
35.38 -0.687306
35.4 -0.67264
35.42 -0.657706
35.44 -0.642508
35.46 -0.627054
35.48 -0.611348
35.5 -0.595398
35.52 -0.57921
35.54 -0.56279
35.56 -0.546145
35.58 -0.529282
35.6 -0.512207
35.62 -0.494927
35.64 -0.477449
35.66 -0.45978
35.68 -0.441927
35.7 -0.423897
35.72 -0.405698
35.74 -0.387337
35.76 -0.36882
35.78 -0.350156
35.8 -0.331352
35.82 -0.312416
35.84 -0.293354
35.86 -0.274176
35.88 -0.254887
35.9 -0.235497
35.92 -0.216012
35.94 -0.196441
35.96 -0.176791
35.98 -0.157071
36 -0.137288
36.02 -0.11745
36.04 -0.0975644
36.06 -0.0776403
36.08 -0.0576852
36.1 -0.0377069
36.12 -0.0177136
36.14 0.00228679
36.16 0.0222863
36.18 0.0422769
36.2 0.0622505
36.22 0.0821993
36.24 0.102115
36.26 0.12199
36.28 0.141816
36.3 0.161586
36.32 0.181291
36.34 0.200923
36.36 0.220475
36.38 0.239939
36.4 0.259307
36.42 0.278571
36.44 0.297724
36.46 0.316757
36.48 0.335664
36.5 0.354437
36.52 0.373068
36.54 0.391549
36.56 0.409874
36.58 0.428035
36.6 0.446025
36.62 0.463837
36.64 0.481462
36.66 0.498896
36.68 0.516129
36.7 0.533157
36.72 0.549971
36.74 0.566565
36.76 0.582932
36.78 0.599067
36.8 0.614961
36.82 0.63061
36.84 0.646006
36.86 0.661144
36.88 0.676018
36.9 0.690621
36.92 0.704948
36.94 0.718993
36.96 0.73275
36.98 0.746214
37 0.75938
37.02 0.772242
37.04 0.784795
37.06 0.797034
37.08 0.808954
37.1 0.820551
37.12 0.83182
37.14 0.842755
37.16 0.853354
37.18 0.863611
37.2 0.873523
37.22 0.883086
37.24 0.892295
37.26 0.901148
37.28 0.909639
37.3 0.917767
37.32 0.925528
37.34 0.932919
37.36 0.939937
37.38 0.946578
37.4 0.952841
37.42 0.958723
37.44 0.964221
37.46 0.969334
37.48 0.974059
37.5 0.978394
37.52 0.982338
37.54 0.985889
37.56 0.989046
37.58 0.991807
37.6 0.994171
37.62 0.996138
37.64 0.997706
37.66 0.998875
37.68 0.999644
37.7 1.00001
37.72 0.999984
37.74 0.999553
37.76 0.998723
37.78 0.997494
37.8 0.995865
37.82 0.993838
37.84 0.991413
37.86 0.988592
37.88 0.985376
37.9 0.981765
37.92 0.977762
37.94 0.973367
37.96 0.968584
37.98 0.963412
38 0.957856
38.02 0.951916
38.04 0.945595
38.06 0.938897
38.08 0.931822
38.1 0.924375
38.12 0.916558
38.14 0.908375
38.16 0.899828
38.18 0.890921
38.2 0.881658
38.22 0.872043
38.24 0.862078
38.26 0.851769
38.28 0.841119
38.3 0.830132
38.32 0.818813
38.34 0.807167
38.36 0.795198
38.38 0.782911
38.4 0.770311
38.42 0.757403
38.44 0.744191
38.46 0.730682
38.48 0.716881
38.5 0.702793
38.52 0.688424
38.54 0.673779
38.56 0.658865
38.58 0.643688
38.6 0.628253
38.62 0.612566
38.64 0.596635
38.66 0.580465
38.68 0.564063
38.7 0.547435
38.72 0.530588
38.74 0.513529
38.76 0.496265
38.78 0.478802
38.8 0.461147
38.82 0.443308
38.84 0.425292
38.86 0.407106
38.88 0.388756
38.9 0.370252
38.92 0.351599
38.94 0.332805
38.96 0.313879
38.98 0.294827
39 0.275657
39.02 0.256376
39.04 0.236993
39.06 0.217516
39.08 0.197951
39.1 0.178307
39.12 0.158592
39.14 0.138813
39.16 0.118979
39.18 0.0990974
39.2 0.079176
39.22 0.0592229
39.24 0.0392462
39.26 0.0192537
39.28 -0.000746397
39.3 -0.0207462
39.32 -0.0407378
39.34 -0.060713
39.36 -0.080664
39.38 -0.100583
39.4 -0.120461
39.42 -0.140291
39.44 -0.160066
39.46 -0.179776
39.48 -0.199414
39.5 -0.218972
39.52 -0.238443
39.54 -0.257819
39.56 -0.277091
39.58 -0.296253
39.6 -0.315296
39.62 -0.334213
39.64 -0.352996
39.66 -0.371638
39.68 -0.390131
39.7 -0.408469
39.72 -0.426643
39.74 -0.444646
39.76 -0.462471
39.78 -0.480112
39.8 -0.49756
39.82 -0.514809
39.84 -0.531853
39.86 -0.548684
39.88 -0.565295
39.9 -0.58168
39.92 -0.597832
39.94 -0.613746
39.96 -0.629413
39.98 -0.64483
40 -0.659988


0 1
0.02 1
0.04 0.999603
0.06 0.998813
0.08 0.997632
0.1 0.996065
0.12 0.994116
0.14 0.991787
0.16 0.989083
0.18 0.986008
0.2 0.982566
0.22 0.978762
0.24 0.974599
0.26 0.970083
0.28 0.965218
0.3 0.960008
0.32 0.954459
0.34 0.948574
0.36 0.942361
0.38 0.935822
0.4 0.928964
0.42 0.921792
0.44 0.914311
0.46 0.906527
0.48 0.898444
0.5 0.890069
0.52 0.881408
0.54 0.872465
0.56 0.863247
0.58 0.85376
0.6 0.84401
0.62 0.834001
0.64 0.823742
0.66 0.813236
0.68 0.802492
0.7 0.791514
0.72 0.780309
0.74 0.768884
0.76 0.757244
0.78 0.745396
0.8 0.733346
0.82 0.721101
0.84 0.708667
0.86 0.696051
0.88 0.683258
0.9 0.670296
0.92 0.65717
0.94 0.643888
0.96 0.630456
0.98 0.616881
1 0.603168
1.02 0.589325
1.04 0.575357
1.06 0.561273
1.08 0.547077
1.1 0.532777
1.12 0.518379
1.14 0.503889
1.16 0.489315
1.18 0.474662
1.2 0.459937
1.22 0.445146
1.24 0.430296
1.26 0.415394
1.28 0.400444
1.3 0.385455
1.32 0.370431
1.34 0.35538
1.36 0.340307
1.38 0.325218
1.4 0.310121
1.42 0.29502
1.44 0.279922
1.46 0.264832
1.48 0.249758
1.5 0.234704
1.52 0.219676
1.54 0.20468
1.56 0.189722
1.58 0.174808
1.6 0.159942
1.62 0.145131
1.64 0.13038
1.66 0.115694
1.68 0.101079
1.7 0.0865399
1.72 0.0720818
1.74 0.0577098
1.76 0.043429
1.78 0.0292442
1.8 0.0151605
1.82 0.00118245
1.84 -0.0126851
1.86 -0.0264375
1.88 -0.0400703
1.9 -0.053579
1.92 -0.0669593
1.94 -0.0802067
1.96 -0.0933172
1.98 -0.106287
2 -0.119111
2.02 -0.131786
2.04 -0.144309
2.06 -0.156674
2.08 -0.16888
2.1 -0.180921
2.12 -0.192795
2.14 -0.204499
2.16 -0.216028
2.18 -0.22738
2.2 -0.238552
2.22 -0.249541
2.24 -0.260343
2.26 -0.270956
2.28 -0.281378
2.3 -0.291605
2.32 -0.301635
2.34 -0.311466
2.36 -0.321095
2.38 -0.330521
2.4 -0.33974
2.42 -0.348752
2.44 -0.357553
2.46 -0.366143
2.48 -0.374519
2.5 -0.382681
2.52 -0.390625
2.54 -0.398352
2.56 -0.405859
2.58 -0.413146
2.6 -0.42021
2.62 -0.427052
2.64 -0.433671
2.66 -0.440064
2.68 -0.446232
2.7 -0.452175
2.72 -0.45789
2.74 -0.463379
2.76 -0.46864
2.78 -0.473673
2.8 -0.478478
2.82 -0.483056
2.84 -0.487405
2.86 -0.491527
2.88 -0.495421
2.9 -0.499087
2.92 -0.502526
2.94 -0.505738
2.96 -0.508724
2.98 -0.511485
3 -0.514021
3.02 -0.516332
3.04 -0.518421
3.06 -0.520287
3.08 -0.521932
3.1 -0.523356
3.12 -0.524562
3.14 -0.52555
3.16 -0.526321
3.18 -0.526878
3.2 -0.527221
3.22 -0.527352
3.24 -0.527273
3.26 -0.526985
3.28 -0.52649
3.3 -0.525791
3.32 -0.524888
3.34 -0.523784
3.36 -0.522481
3.38 -0.520981
3.4 -0.519287
3.42 -0.517399
3.44 -0.515321
3.46 -0.513056
3.48 -0.510604
3.5 -0.50797
3.52 -0.505155
3.54 -0.502161
3.56 -0.498993
3.58 -0.495651
3.6 -0.492139
3.62 -0.48846
3.64 -0.484616
3.66 -0.48061
3.68 -0.476446
3.7 -0.472125
3.72 -0.467651
3.74 -0.463028
3.76 -0.458257
3.78 -0.453342
3.8 -0.448286
3.82 -0.443093
3.84 -0.437765
3.86 -0.432305
3.88 -0.426718
3.9 -0.421005
3.92 -0.415171
3.94 -0.409218
3.96 -0.40315
3.98 -0.39697
4 -0.390682
4.02 -0.384288
4.04 -0.377793
4.06 -0.371199
4.08 -0.364511
4.1 -0.357731
4.12 -0.350863
4.14 -0.34391
4.16 -0.336875
4.18 -0.329763
4.2 -0.322577
4.22 -0.315319
4.24 -0.307994
4.26 -0.300605
4.28 -0.293155
4.3 -0.285648
4.32 -0.278088
4.34 -0.270477
4.36 -0.262819
4.38 -0.255117
4.4 -0.247376
4.42 -0.239597
4.44 -0.231785
4.46 -0.223944
4.48 -0.216075
4.5 -0.208184
4.52 -0.200272
4.54 -0.192344
4.56 -0.184402
4.58 -0.176451
4.6 -0.168492
4.62 -0.160529
4.64 -0.152566
4.66 -0.144606
4.68 -0.136652
4.7 -0.128706
4.72 -0.120773
4.74 -0.112854
4.76 -0.104953
4.78 -0.097074
4.8 -0.0892186
4.82 -0.0813901
4.84 -0.0735915
4.86 -0.0658255
4.88 -0.0580951
4.9 -0.0504029
4.92 -0.0427518
4.94 -0.0351445
4.96 -0.0275836
4.98 -0.0200717
5 -0.0126115
5.02 -0.00520551
5.04 0.00214377
5.06 0.00943388
5.08 0.0166624
5.1 0.0238269
5.12 0.0309251
5.14 0.0379547
5.16 0.0449135
5.18 0.0517991
5.2 0.0586096
5.22 0.0653428
5.24 0.0719966
5.26 0.0785691
5.28 0.0850582
5.3 0.091462
5.32 0.0977787
5.34 0.104007
5.36 0.110144
5.38 0.116188
5.4 0.122139
5.42 0.127994
5.44 0.133751
5.46 0.13941
5.48 0.144969
5.5 0.150426
5.52 0.15578
5.54 0.16103
5.56 0.166174
5.58 0.171211
5.6 0.176141
5.62 0.180961
5.64 0.185671
5.66 0.190271
5.68 0.194758
5.7 0.199132
5.72 0.203393
5.74 0.207539
5.76 0.21157
5.78 0.215485
5.8 0.219283
5.82 0.222964
5.84 0.226528
5.86 0.229973
5.88 0.2333
5.9 0.236507
5.92 0.239596
5.94 0.242565
5.96 0.245414
5.98 0.248143
6 0.250751
6.02 0.25324
6.04 0.255608
6.06 0.257857
6.08 0.259985
6.1 0.261993
6.12 0.263881
6.14 0.265649
6.16 0.267298
6.18 0.268828
6.2 0.270239
6.22 0.271531
6.24 0.272706
6.26 0.273763
6.28 0.274703
6.3 0.275526
6.32 0.276234
6.34 0.276826
6.36 0.277304
6.38 0.277668
6.4 0.277919
6.42 0.278057
6.44 0.278084
6.46 0.278001
6.48 0.277808
6.5 0.277506
6.52 0.277097
6.54 0.276581
6.56 0.275959
6.58 0.275232
6.6 0.274402
6.62 0.27347
6.64 0.272437
6.66 0.271304
6.68 0.270072
6.7 0.268743
6.72 0.267317
6.74 0.265797
6.76 0.264184
6.78 0.262478
6.8 0.260682
6.82 0.258796
6.84 0.256823
6.86 0.254764
6.88 0.25262
6.9 0.250392
6.92 0.248083
6.94 0.245694
6.96 0.243227
6.98 0.240682
7 0.238062
7.02 0.235368
7.04 0.232603
7.06 0.229767
7.08 0.226862
7.1 0.22389
7.12 0.220854
7.14 0.217753
7.16 0.214591
7.18 0.211369
7.2 0.208088
7.22 0.204751
7.24 0.201359
7.26 0.197914
7.28 0.194418
7.3 0.190873
7.32 0.187279
7.34 0.183641
7.36 0.179958
7.38 0.176233
7.4 0.172467
7.42 0.168663
7.44 0.164823
7.46 0.160947
7.48 0.157038
7.5 0.153098
7.52 0.149129
7.54 0.145131
7.56 0.141108
7.58 0.137061
7.6 0.132992
7.62 0.128902
7.64 0.124793
7.66 0.120668
7.68 0.116527
7.7 0.112373
7.72 0.108207
7.74 0.104032
7.76 0.0998482
7.78 0.0956581
7.8 0.0914633
7.82 0.0872656
7.84 0.0830665
7.86 0.0788677
7.88 0.074671
7.9 0.070478
7.92 0.0662902
7.94 0.0621094
7.96 0.0579372
7.98 0.053775
8 0.0496246
8.02 0.0454874
8.04 0.041365
8.06 0.0372589
8.08 0.0331706
8.1 0.0291015
8.12 0.0250533
8.14 0.0210272
8.16 0.0170247
8.18 0.0130472
8.2 0.00909613
8.22 0.0051728
8.24 0.00127855
8.26 -0.0025853
8.28 -0.00641746
8.3 -0.0102167
8.32 -0.0139816
8.34 -0.0177112
8.36 -0.0214041
8.38 -0.0250593
8.4 -0.0286755
8.42 -0.0322516
8.44 -0.0357865
8.46 -0.0392791
8.48 -0.0427285
8.5 -0.0461335
8.52 -0.0494932
8.54 -0.0528066
8.56 -0.0560727
8.58 -0.0592907
8.6 -0.0624596
8.62 -0.0655786
8.64 -0.0686468
8.66 -0.0716634
8.68 -0.0746276
8.7 -0.0775386
8.72 -0.0803958
8.74 -0.0831985
8.76 -0.0859458
8.78 -0.0886373
8.8 -0.0912722
8.82 -0.09385
8.84 -0.0963701
8.86 -0.0988319
8.88 -0.101235
8.9 -0.103579
8.92 -0.105863
8.94 -0.108087
8.96 -0.11025
8.98 -0.112353
9 -0.114394
9.02 -0.116374
9.04 -0.118292
9.06 -0.120147
9.08 -0.121941
9.1 -0.123671
9.12 -0.125339
9.14 -0.126944
9.16 -0.128485
9.18 -0.129964
9.2 -0.131379
9.22 -0.132731
9.24 -0.134019
9.26 -0.135244
9.28 -0.136406
9.3 -0.137504
9.32 -0.138539
9.34 -0.139511
9.36 -0.14042
9.38 -0.141265
9.4 -0.142048
9.42 -0.142769
9.44 -0.143427
9.46 -0.144023
9.48 -0.144557
9.5 -0.145029
9.52 -0.14544
9.54 -0.145791
9.56 -0.14608
9.58 -0.146309
9.6 -0.146479
9.62 -0.146589
9.64 -0.146639
9.66 -0.146632
9.68 -0.146566
9.7 -0.146442
9.72 -0.146262
9.74 -0.146024
9.76 -0.145731
9.78 -0.145382
9.8 -0.144979
9.82 -0.144521
9.84 -0.144009
9.86 -0.143444
9.88 -0.142827
9.9 -0.142158
9.92 -0.141437
9.94 -0.140667
9.96 -0.139847
9.98 -0.138977
10 -0.13806
10.02 -0.137095
10.04 -0.136083
10.06 -0.135025
10.08 -0.133922
10.1 -0.132775
10.12 -0.131584
10.14 -0.130351
10.16 -0.129075
10.18 -0.127758
10.2 -0.126401
10.22 -0.125005
10.24 -0.12357
10.26 -0.122098
10.28 -0.120588
10.3 -0.119043
10.32 -0.117463
10.34 -0.115849
10.36 -0.114202
10.38 -0.112522
10.4 -0.110811
10.42 -0.10907
10.44 -0.107299
10.46 -0.1055
10.48 -0.103673
10.5 -0.101819
10.52 -0.09994
10.54 -0.0980361
10.56 -0.0961083
10.58 -0.0941577
10.6 -0.0921852
10.62 -0.0901918
10.64 -0.0881785
10.66 -0.0861461
10.68 -0.0840956
10.7 -0.0820281
10.72 -0.0799444
10.74 -0.0778456
10.76 -0.0757325
10.78 -0.0736061
10.8 -0.0714674
10.82 -0.0693173
10.84 -0.0671567
10.86 -0.0649867
10.88 -0.0628081
10.9 -0.0606218
10.92 -0.0584289
10.94 -0.0562301
10.96 -0.0540266
10.98 -0.051819
11 -0.0496084
11.02 -0.0473957
11.04 -0.0451817
11.06 -0.0429674
11.08 -0.0407536
11.1 -0.0385412
11.12 -0.036331
11.14 -0.034124
11.16 -0.0319209
11.18 -0.0297227
11.2 -0.0275301
11.22 -0.025344
11.24 -0.0231652
11.26 -0.0209945
11.28 -0.0188327
11.3 -0.0166806
11.32 -0.0145389
11.34 -0.0124085
11.36 -0.01029
11.38 -0.00818428
11.4 -0.00609202
11.42 -0.00401394
11.44 -0.00195077
11.46 9.68068e-05
11.48 0.00212809
11.5 0.00414241
11.52 0.0061391
11.54 0.00811751
11.56 0.010077
11.58 0.0120169
11.6 0.0139367
11.62 0.0158357
11.64 0.0177133
11.66 0.0195691
11.68 0.0214023
11.7 0.0232125
11.72 0.0249991
11.74 0.0267616
11.76 0.0284994
11.78 0.0302122
11.8 0.0318994
11.82 0.0335606
11.84 0.0351953
11.86 0.036803
11.88 0.0383833
11.9 0.0399359
11.92 0.0414603
11.94 0.0429562
11.96 0.0444231
11.98 0.0458608
12 0.0472689
12.02 0.048647
12.04 0.0499949
12.06 0.0513122
12.08 0.0525988
12.1 0.0538542
12.12 0.0550783
12.14 0.0562709
12.16 0.0574316
12.18 0.0585604
12.2 0.0596569
12.22 0.0607211
12.24 0.0617527
12.26 0.0627517
12.28 0.0637178
12.3 0.0646509
12.32 0.065551
12.34 0.066418
12.36 0.0672517
12.38 0.0680521
12.4 0.0688191
12.42 0.0695528
12.44 0.070253
12.46 0.0709198
12.48 0.0715532
12.5 0.0721531
12.52 0.0727196
12.54 0.0732528
12.56 0.0737527
12.58 0.0742193
12.6 0.0746528
12.62 0.0750533
12.64 0.0754207
12.66 0.0757554
12.68 0.0760573
12.7 0.0763266
12.72 0.0765635
12.74 0.0767682
12.76 0.0769407
12.78 0.0770814
12.8 0.0771903
12.82 0.0772678
12.84 0.0773139
12.86 0.0773291
12.88 0.0773134
12.9 0.0772672
12.92 0.0771906
12.94 0.0770841
12.96 0.0769478
12.98 0.076782
13 0.0765871
13.02 0.0763634
13.04 0.0761111
13.06 0.0758306
13.08 0.0755223
13.1 0.0751864
13.12 0.0748234
13.14 0.0744336
13.16 0.0740173
13.18 0.0735749
13.2 0.0731069
13.22 0.0726136
13.24 0.0720953
13.26 0.0715526
13.28 0.0709858
13.3 0.0703953
13.32 0.0697816
13.34 0.069145
13.36 0.0684861
13.38 0.0678052
13.4 0.0671028
13.42 0.0663793
13.44 0.0656353
13.46 0.0648711
13.48 0.0640872
13.5 0.0632842
13.52 0.0624623
13.54 0.0616223
13.56 0.0607644
13.58 0.0598892
13.6 0.0589972
13.62 0.0580889
13.64 0.0571648
13.66 0.0562253
13.68 0.0552709
13.7 0.0543022
13.72 0.0533196
13.74 0.0523236
13.76 0.0513148
13.78 0.0502937
13.8 0.0492606
13.82 0.0482163
13.84 0.0471611
13.86 0.0460955
13.88 0.0450201
13.9 0.0439354
13.92 0.0428419
13.94 0.04174
13.96 0.0406303
13.98 0.0395133
14 0.0383895
14.02 0.0372594
14.04 0.0361235
14.06 0.0349822
14.08 0.0338361
14.1 0.0326857
14.12 0.0315314
14.14 0.0303738
14.16 0.0292133
14.18 0.0280505
14.2 0.0268857
14.22 0.0257195
14.24 0.0245524
14.26 0.0233848
14.28 0.0222172
14.3 0.02105
14.32 0.0198837
14.34 0.0187188
14.36 0.0175557
14.38 0.0163949
14.4 0.0152368
14.42 0.0140818
14.44 0.0129304
14.46 0.011783
14.48 0.0106401
14.5 0.00950199
14.52 0.00836915
14.54 0.00724198
14.56 0.00612088
14.58 0.00500625
14.6 0.00389847
14.62 0.00279795
14.64 0.00170504
14.66 0.000620137
14.68 -0.000456405
14.7 -0.00152422
14.72 -0.00258296
14.74 -0.00363227
14.76 -0.00467181
14.78 -0.00570124
14.8 -0.00672025
14.82 -0.0077285
14.84 -0.00872568
14.86 -0.00971148
14.88 -0.0106856
14.9 -0.0116478
14.92 -0.0125977
14.94 -0.013535
14.96 -0.0144596
14.98 -0.015371
15 -0.0162692
15.02 -0.0171537
15.04 -0.0180245
15.06 -0.0188811
15.08 -0.0197235
15.1 -0.0205514
15.12 -0.0213645
15.14 -0.0221627
15.16 -0.0229458
15.18 -0.0237135
15.2 -0.0244658
15.22 -0.0252023
15.24 -0.0259231
15.26 -0.0266278
15.28 -0.0273163
15.3 -0.0279886
15.32 -0.0286444
15.34 -0.0292837
15.36 -0.0299062
15.38 -0.0305119
15.4 -0.0311008
15.42 -0.0316726
15.44 -0.0322273
15.46 -0.0327648
15.48 -0.033285
15.5 -0.0337879
15.52 -0.0342734
15.54 -0.0347415
15.56 -0.035192
15.58 -0.035625
15.6 -0.0360405
15.62 -0.0364383
15.64 -0.0368185
15.66 -0.0371811
15.68 -0.0375261
15.7 -0.0378534
15.72 -0.0381631
15.74 -0.0384552
15.76 -0.0387298
15.78 -0.0389868
15.8 -0.0392262
15.82 -0.0394482
15.84 -0.0396528
15.86 -0.0398401
15.88 -0.04001
15.9 -0.0401627
15.92 -0.0402983
15.94 -0.0404168
15.96 -0.0405183
15.98 -0.0406029
16 -0.0406708
16.02 -0.0407219
16.04 -0.0407565
16.06 -0.0407747
16.08 -0.0407765
16.1 -0.0407621
16.12 -0.0407317
16.14 -0.0406854
16.16 -0.0406232
16.18 -0.0405455
16.2 -0.0404523
16.22 -0.0403437
16.24 -0.04022
16.26 -0.0400814
16.28 -0.0399279
16.3 -0.0397598
16.32 -0.0395773
16.34 -0.0393805
16.36 -0.0391696
16.38 -0.0389449
16.4 -0.0387065
16.42 -0.0384546
16.44 -0.0381895
16.46 -0.0379113
16.48 -0.0376203
16.5 -0.0373167
16.52 -0.0370006
16.54 -0.0366724
16.56 -0.0363323
16.58 -0.0359804
16.6 -0.035617
16.62 -0.0352424
16.64 -0.0348568
16.66 -0.0344604
16.68 -0.0340535
16.7 -0.0336363
16.72 -0.033209
16.74 -0.032772
16.76 -0.0323254
16.78 -0.0318696
16.8 -0.0314047
16.82 -0.0309311
16.84 -0.0304489
16.86 -0.0299585
16.88 -0.0294601
16.9 -0.0289539
16.92 -0.0284403
16.94 -0.0279194
16.96 -0.0273917
16.98 -0.0268572
17 -0.0263163
17.02 -0.0257693
17.04 -0.0252164
17.06 -0.0246578
17.08 -0.024094
17.1 -0.023525
17.12 -0.0229512
17.14 -0.0223729
17.16 -0.0217902
17.18 -0.0212036
17.2 -0.0206132
17.22 -0.0200193
17.24 -0.0194221
17.26 -0.018822
17.28 -0.0182192
17.3 -0.017614
17.32 -0.0170065
17.34 -0.0163972
17.36 -0.0157861
17.38 -0.0151737
17.4 -0.01456
17.42 -0.0139455
17.44 -0.0133303
17.46 -0.0127148
17.48 -0.012099
17.5 -0.0114833
17.52 -0.010868
17.54 -0.0102533
17.56 -0.0096393
17.58 -0.0090264
17.6 -0.00841478
17.62 -0.00780467
17.64 -0.00719631
17.66 -0.00658992
17.68 -0.00598573
17.7 -0.00538396
17.72 -0.00478483
17.74 -0.00418856
17.76 -0.00359535
17.78 -0.00300543
17.8 -0.00241899
17.82 -0.00183625
17.84 -0.00125741
17.86 -0.000682659
17.88 -0.000112201
17.9 0.000453775
17.92 0.00101508
17.94 0.00157152
17.96 0.00212293
17.98 0.00266912
18 0.00320991
18.02 0.00374514
18.04 0.00427463
18.06 0.00479823
18.08 0.00531576
18.1 0.00582708
18.12 0.00633203
18.14 0.00683046
18.16 0.00732222
18.18 0.00780717
18.2 0.00828518
18.22 0.0087561
18.24 0.00921981
18.26 0.00967619
18.28 0.0101251
18.3 0.0105664
18.32 0.0110001
18.34 0.0114259
18.36 0.0118438
18.38 0.0122537
18.4 0.0126555
18.42 0.0130491
18.44 0.0134343
18.46 0.0138112
18.48 0.0141796
18.5 0.0145395
18.52 0.0148907
18.54 0.0152333
18.56 0.015567
18.58 0.015892
18.6 0.016208
18.62 0.0165152
18.64 0.0168133
18.66 0.0171024
18.68 0.0173824
18.7 0.0176533
18.72 0.017915
18.74 0.0181676
18.76 0.0184109
18.78 0.018645
18.8 0.0188698
18.82 0.0190854
18.84 0.0192917
18.86 0.0194887
18.88 0.0196764
18.9 0.0198548
18.92 0.0200239
18.94 0.0201837
18.96 0.0203342
18.98 0.0204755
19 0.0206075
19.02 0.0207303
19.04 0.0208439
19.06 0.0209484
19.08 0.0210436
19.1 0.0211298
19.12 0.0212069
19.14 0.021275
19.16 0.0213341
19.18 0.0213843
19.2 0.0214256
19.22 0.021458
19.24 0.0214817
19.26 0.0214967
19.28 0.021503
19.3 0.0215007
19.32 0.0214899
19.34 0.0214707
19.36 0.0214431
19.38 0.0214072
19.4 0.0213631
19.42 0.0213109
19.44 0.0212507
19.46 0.0211825
19.48 0.0211064
19.5 0.0210225
19.52 0.020931
19.54 0.0208319
19.56 0.0207253
19.58 0.0206113
19.6 0.0204901
19.62 0.0203617
19.64 0.0202262
19.66 0.0200838
19.68 0.0199345
19.7 0.0197785
19.72 0.0196159
19.74 0.0194469
19.76 0.0192714
19.78 0.0190897
19.8 0.0189018
19.82 0.018708
19.84 0.0185082
19.86 0.0183027
19.88 0.0180916
19.9 0.0178749
19.92 0.0176529
19.94 0.0174256
19.96 0.0171933
19.98 0.0169559
20 0.0167137
20.02 0.0164668
20.04 0.0162153
20.06 0.0159594
20.08 0.0156992
20.1 0.0154348
20.12 0.0151664
20.14 0.0148941
20.16 0.0146181
20.18 0.0143384
20.2 0.0140553
20.22 0.0137688
20.24 0.0134792
20.26 0.0131865
20.28 0.0128908
20.3 0.0125925
20.32 0.0122915
20.34 0.011988
20.36 0.0116821
20.38 0.0113741
20.4 0.0110639
20.42 0.0107519
20.44 0.010438
20.46 0.0101225
20.48 0.00980554
20.5 0.00948716
20.52 0.00916754
20.54 0.00884682
20.56 0.00852514
20.58 0.00820262
20.6 0.00787941
20.62 0.00755564
20.64 0.00723144
20.66 0.00690694
20.68 0.00658228
20.7 0.00625758
20.72 0.00593297
20.74 0.00560859
20.76 0.00528456
20.78 0.004961
20.8 0.00463804
20.82 0.0043158
20.84 0.00399441
20.86 0.00367398
20.88 0.00335464
20.9 0.0030365
20.92 0.00271968
20.94 0.0024043
20.96 0.00209047
20.98 0.00177829
21 0.00146789
21.02 0.00115937
21.04 0.00085284
21.06 0.000548402
21.08 0.000246164
21.1 -5.37742e-05
21.12 -0.00035131
21.14 -0.000646345
21.16 -0.000938782
21.18 -0.00122853
21.2 -0.00151548
21.22 -0.00179956
21.24 -0.00208067
21.26 -0.00235872
21.28 -0.00263363
21.3 -0.00290531
21.32 -0.00317369
21.34 -0.00343867
21.36 -0.00370019
21.38 -0.00395816
21.4 -0.00421252
21.42 -0.00446318
21.44 -0.00471008
21.46 -0.00495316
21.48 -0.00519234
21.5 -0.00542756
21.52 -0.00565876
21.54 -0.00588588
21.56 -0.00610887
21.58 -0.00632765
21.6 -0.0065422
21.62 -0.00675244
21.64 -0.00695833
21.66 -0.00715983
21.68 -0.00735689
21.7 -0.00754947
21.72 -0.00773752
21.74 -0.007921
21.76 -0.00809989
21.78 -0.00827415
21.8 -0.00844374
21.82 -0.00860863
21.84 -0.00876879
21.86 -0.00892421
21.88 -0.00907485
21.9 -0.0092207
21.92 -0.00936172
21.94 -0.00949792
21.96 -0.00962926
21.98 -0.00975574
22 -0.00987735
22.02 -0.00999407
22.04 -0.0101059
22.06 -0.0102128
22.08 -0.0103149
22.1 -0.010412
22.12 -0.0105042
22.14 -0.0105915
22.16 -0.010674
22.18 -0.0107515
22.2 -0.0108241
22.22 -0.0108919
22.24 -0.0109549
22.26 -0.0110129
22.28 -0.0110662
22.3 -0.0111146
22.32 -0.0111582
22.34 -0.0111971
22.36 -0.0112312
22.38 -0.0112606
22.4 -0.0112853
22.42 -0.0113053
22.44 -0.0113207
22.46 -0.0113314
22.48 -0.0113376
22.5 -0.0113392
22.52 -0.0113363
22.54 -0.0113289
22.56 -0.0113171
22.58 -0.0113009
22.6 -0.0112804
22.62 -0.0112555
22.64 -0.0112263
22.66 -0.011193
22.68 -0.0111554
22.7 -0.0111138
22.72 -0.011068
22.74 -0.0110182
22.76 -0.0109645
22.78 -0.0109068
22.8 -0.0108452
22.82 -0.0107799
22.84 -0.0107107
22.86 -0.0106379
22.88 -0.0105614
22.9 -0.0104814
22.92 -0.0103978
22.94 -0.0103108
22.96 -0.0102203
22.98 -0.0101265
23 -0.0100295
23.02 -0.00992923
23.04 -0.00982582
23.06 -0.00971933
23.08 -0.00960983
23.1 -0.00949739
23.12 -0.00938207
23.14 -0.00926394
23.16 -0.00914307
23.18 -0.00901954
23.2 -0.00889341
23.22 -0.00876474
23.24 -0.00863363
23.26 -0.00850012
23.28 -0.0083643
23.3 -0.00822624
23.32 -0.00808602
23.34 -0.00794369
23.36 -0.00779935
23.38 -0.00765305
23.4 -0.00750488
23.42 -0.00735491
23.44 -0.0072032
23.46 -0.00704985
23.48 -0.00689491
23.5 -0.00673847
23.52 -0.00658059
23.54 -0.00642136
23.56 -0.00626084
23.58 -0.00609911
23.6 -0.00593625
23.62 -0.00577232
23.64 -0.0056074
23.66 -0.00544156
23.68 -0.00527489
23.7 -0.00510744
23.72 -0.00493929
23.74 -0.00477052
23.76 -0.0046012
23.78 -0.00443139
23.8 -0.00426117
23.82 -0.00409061
23.84 -0.00391979
23.86 -0.00374876
23.88 -0.0035776
23.9 -0.00340638
23.92 -0.00323517
23.94 -0.00306403
23.96 -0.00289304
23.98 -0.00272225
24 -0.00255174
24.02 -0.00238157
24.04 -0.00221181
24.06 -0.00204252
24.08 -0.00187376
24.1 -0.00170559
24.12 -0.00153808
24.14 -0.00137129
24.16 -0.00120529
24.18 -0.00104012
24.2 -0.000875844
24.22 -0.000712529
24.24 -0.000550227
24.26 -0.000388995
24.28 -0.000228888
24.3 -6.99607e-05
24.32 8.77328e-05
24.34 0.00024414
24.36 0.000399209
24.38 0.000552889
24.4 0.000705129
24.42 0.000855882
24.44 0.0010051
24.46 0.00115273
24.48 0.00129874
24.5 0.00144307
24.52 0.00158568
24.54 0.00172653
24.56 0.00186558
24.58 0.00200278
24.6 0.0021381
24.62 0.0022715
24.64 0.00240294
24.66 0.00253238
24.68 0.00265979
24.7 0.00278513
24.72 0.00290837
24.74 0.00302948
24.76 0.00314843
24.78 0.00326518
24.8 0.00337971
24.82 0.003492
24.84 0.003602
24.86 0.0037097
24.88 0.00381508
24.9 0.0039181
24.92 0.00401875
24.94 0.00411701
24.96 0.00421286
24.98 0.00430627
25 0.00439723
25.02 0.00448573
25.04 0.00457174
25.06 0.00465526
25.08 0.00473626
25.1 0.00481475
25.12 0.0048907
25.14 0.0049641
25.16 0.00503496
25.18 0.00510325
25.2 0.00516898
25.22 0.00523213
25.24 0.00529271
25.26 0.0053507
25.28 0.00540611
25.3 0.00545894
25.32 0.00550918
25.34 0.00555684
25.36 0.00560191
25.38 0.0056444
25.4 0.00568432
25.42 0.00572166
25.44 0.00575644
25.46 0.00578865
25.48 0.00581832
25.5 0.00584544
25.52 0.00587002
25.54 0.00589208
25.56 0.00591162
25.58 0.00592867
25.6 0.00594323
25.62 0.00595531
25.64 0.00596493
25.66 0.00597211
25.68 0.00597687
25.7 0.00597921
25.72 0.00597917
25.74 0.00597675
25.76 0.00597197
25.78 0.00596487
25.8 0.00595546
25.82 0.00594375
25.84 0.00592978
25.86 0.00591357
25.88 0.00589514
25.9 0.00587452
25.92 0.00585173
25.94 0.0058268
25.96 0.00579976
25.98 0.00577062
26 0.00573943
26.02 0.00570621
26.04 0.00567099
26.06 0.0056338
26.08 0.00559467
26.1 0.00555362
26.12 0.0055107
26.14 0.00546594
26.16 0.00541936
26.18 0.005371
26.2 0.00532089
26.22 0.00526906
26.24 0.00521556
26.26 0.00516041
26.28 0.00510366
26.3 0.00504533
26.32 0.00498545
26.34 0.00492408
26.36 0.00486124
26.38 0.00479697
26.4 0.0047313
26.42 0.00466428
26.44 0.00459594
26.46 0.00452632
26.48 0.00445545
26.5 0.00438338
26.52 0.00431014
26.54 0.00423578
26.56 0.00416032
26.58 0.00408381
26.6 0.00400628
26.62 0.00392779
26.64 0.00384835
26.66 0.00376802
26.68 0.00368683
26.7 0.00360483
26.72 0.00352204
26.74 0.00343851
26.76 0.00335428
26.78 0.00326939
26.8 0.00318388
26.82 0.00309778
26.84 0.00301113
26.86 0.00292398
26.88 0.00283636
26.9 0.00274831
26.92 0.00265986
26.94 0.00257107
26.96 0.00248195
26.98 0.00239256
27 0.00230293
27.02 0.0022131
27.04 0.0021231
27.06 0.00203298
27.08 0.00194276
27.1 0.00185249
27.12 0.0017622
27.14 0.00167192
27.16 0.0015817
27.18 0.00149157
27.2 0.00140156
27.22 0.00131171
27.24 0.00122205
27.26 0.00113262
27.28 0.00104345
27.3 0.00095457
27.32 0.000866019
27.34 0.000777827
27.36 0.000690027
27.38 0.000602649
27.4 0.000515726
27.42 0.000429288
27.44 0.000343365
27.46 0.000257988
27.48 0.000173187
27.5 8.89897e-05
27.52 5.42532e-06
27.54 -7.7478e-05
27.56 -0.000159693
27.58 -0.000241191
27.6 -0.000321947
27.62 -0.000401935
27.64 -0.000481128
27.66 -0.000559502
27.68 -0.000637032
27.7 -0.000713693
27.72 -0.000789463
27.74 -0.000864318
27.76 -0.000938237
27.78 -0.0010112
27.8 -0.00108317
27.82 -0.00115415
27.84 -0.00122411
27.86 -0.00129303
27.88 -0.00136088
27.9 -0.00142766
27.92 -0.00149334
27.94 -0.0015579
27.96 -0.00162134
27.98 -0.00168363
28 -0.00174476
28.02 -0.00180471
28.04 -0.00186346
28.06 -0.00192101
28.08 -0.00197735
28.1 -0.00203245
28.12 -0.0020863
28.14 -0.00213891
28.16 -0.00219024
28.18 -0.0022403
28.2 -0.00228907
28.22 -0.00233655
28.24 -0.00238272
28.26 -0.00242758
28.28 -0.00247112
28.3 -0.00251334
28.32 -0.00255422
28.34 -0.00259377
28.36 -0.00263197
28.38 -0.00266882
28.4 -0.00270433
28.42 -0.00273847
28.44 -0.00277126
28.46 -0.00280269
28.48 -0.00283276
28.5 -0.00286147
28.52 -0.00288881
28.54 -0.00291479
28.56 -0.00293941
28.58 -0.00296266
28.6 -0.00298455
28.62 -0.00300509
28.64 -0.00302427
28.66 -0.0030421
28.68 -0.00305858
28.7 -0.00307371
28.72 -0.00308751
28.74 -0.00309997
28.76 -0.0031111
28.78 -0.00312091
28.8 -0.0031294
28.82 -0.00313658
28.84 -0.00314247
28.86 -0.00314705
28.88 -0.00315036
28.9 -0.00315238
28.92 -0.00315314
28.94 -0.00315264
28.96 -0.0031509
28.98 -0.00314792
29 -0.00314371
29.02 -0.00313829
29.04 -0.00313166
29.06 -0.00312385
29.08 -0.00311486
29.1 -0.0031047
29.12 -0.00309339
29.14 -0.00308095
29.16 -0.00306738
29.18 -0.0030527
29.2 -0.00303693
29.22 -0.00302007
29.24 -0.00300215
29.26 -0.00298319
29.28 -0.00296319
29.3 -0.00294217
29.32 -0.00292015
29.34 -0.00289715
29.36 -0.00287318
29.38 -0.00284826
29.4 -0.00282241
29.42 -0.00279564
29.44 -0.00276797
29.46 -0.00273943
29.48 -0.00271003
29.5 -0.00267978
29.52 -0.00264872
29.54 -0.00261684
29.56 -0.00258418
29.58 -0.00255076
29.6 -0.00251659
29.62 -0.00248169
29.64 -0.00244608
29.66 -0.00240979
29.68 -0.00237282
29.7 -0.00233521
29.72 -0.00229697
29.74 -0.00225812
29.76 -0.00221869
29.78 -0.00217868
29.8 -0.00213813
29.82 -0.00209706
29.84 -0.00205547
29.86 -0.00201341
29.88 -0.00197087
29.9 -0.00192789
29.92 -0.00188449
29.94 -0.00184069
29.96 -0.0017965
29.98 -0.00175195
30 -0.00170706
30.02 -0.00166184
30.04 -0.00161633
30.06 -0.00157054
30.08 -0.00152448
30.1 -0.00147819
30.12 -0.00143168
30.14 -0.00138496
30.16 -0.00133807
30.18 -0.00129103
30.2 -0.00124384
30.22 -0.00119653
30.24 -0.00114912
30.26 -0.00110164
30.28 -0.00105409
30.3 -0.0010065
30.32 -0.000958895
30.34 -0.000911283
30.36 -0.000863688
30.38 -0.000816127
30.4 -0.00076862
30.42 -0.000721185
30.44 -0.000673841
30.46 -0.000626605
30.48 -0.000579495
30.5 -0.000532528
30.52 -0.000485724
30.54 -0.000439098
30.56 -0.000392668
30.58 -0.00034645
30.6 -0.000300462
30.62 -0.00025472
30.64 -0.000209239
30.66 -0.000164037
30.68 -0.000119128
30.7 -7.45285e-05
30.72 -3.02532e-05
30.74 1.36827e-05
30.76 5.72645e-05
30.78 0.000100478
30.8 0.000143308
30.82 0.000185742
30.84 0.000227765
30.86 0.000269364
30.88 0.000310526
30.9 0.000351238
30.92 0.000391488
30.94 0.000431263
30.96 0.000470551
30.98 0.00050934
31 0.00054762
31.02 0.000585379
31.04 0.000622605
31.06 0.000659289
31.08 0.00069542
31.1 0.000730989
31.12 0.000765985
31.14 0.000800399
31.16 0.000834223
31.18 0.000867447
31.2 0.000900064
31.22 0.000932064
31.24 0.00096344
31.26 0.000994186
31.28 0.00102429
31.3 0.00105375
31.32 0.00108256
31.34 0.00111071
31.36 0.0011382
31.38 0.00116502
31.4 0.00119116
31.42 0.00121662
31.44 0.0012414
31.46 0.00126549
31.48 0.00128888
31.5 0.00131158
31.52 0.00133357
31.54 0.00135487
31.56 0.00137545
31.58 0.00139533
31.6 0.00141449
31.62 0.00143295
31.64 0.00145068
31.66 0.0014677
31.68 0.00148401
31.7 0.00149959
31.72 0.00151446
31.74 0.0015286
31.76 0.00154203
31.78 0.00155474
31.8 0.00156673
31.82 0.00157801
31.84 0.00158857
31.86 0.00159841
31.88 0.00160755
31.9 0.00161597
31.92 0.00162368
31.94 0.00163069
31.96 0.001637
31.98 0.0016426
32 0.00164751
32.02 0.00165173
32.04 0.00165526
32.06 0.0016581
32.08 0.00166026
32.1 0.00166175
32.12 0.00166257
32.14 0.00166272
32.16 0.0016622
32.18 0.00166104
32.2 0.00165922
32.22 0.00165676
32.24 0.00165366
32.26 0.00164993
32.28 0.00164557
32.3 0.0016406
32.32 0.00163501
32.34 0.00162882
32.36 0.00162204
32.38 0.00161466
32.4 0.0016067
32.42 0.00159817
32.44 0.00158907
32.46 0.00157941
32.48 0.0015692
32.5 0.00155845
32.52 0.00154716
32.54 0.00153536
32.56 0.00152303
32.58 0.0015102
32.6 0.00149688
32.62 0.00148306
32.64 0.00146877
32.66 0.001454
32.68 0.00143878
32.7 0.0014231
32.72 0.00140699
32.74 0.00139044
32.76 0.00137348
32.78 0.0013561
32.8 0.00133833
32.82 0.00132016
32.84 0.00130162
32.86 0.0012827
32.88 0.00126343
32.9 0.00124381
32.92 0.00122385
32.94 0.00120356
32.96 0.00118296
32.98 0.00116205
33 0.00114084
33.02 0.00111935
33.04 0.00109759
33.06 0.00107556
33.08 0.00105329
33.1 0.00103077
33.12 0.00100802
33.14 0.000985049
33.16 0.000961872
33.18 0.000938497
33.2 0.000914935
33.22 0.000891197
33.24 0.000867294
33.26 0.000843236
33.28 0.000819035
33.3 0.0007947
33.32 0.000770244
33.34 0.000745676
33.36 0.000721007
33.38 0.000696247
33.4 0.000671408
33.42 0.0006465
33.44 0.000621532
33.46 0.000596517
33.48 0.000571463
33.5 0.000546381
33.52 0.000521281
33.54 0.000496174
33.56 0.000471069
33.58 0.000445976
33.6 0.000420906
33.62 0.000395868
33.64 0.000370871
33.66 0.000345925
33.68 0.00032104
33.7 0.000296225
33.72 0.00027149
33.74 0.000246843
33.76 0.000222294
33.78 0.000197851
33.8 0.000173524
33.82 0.000149321
33.84 0.000125251
33.86 0.000101322
33.88 7.75434e-05
33.9 5.39224e-05
33.92 3.04674e-05
33.94 7.18642e-06
33.96 -1.59126e-05
33.98 -3.8822e-05
34 -6.15341e-05
34.02 -8.40416e-05
34.04 -0.000106337
34.06 -0.000128413
34.08 -0.000150264
34.1 -0.000171881
34.12 -0.000193258
34.14 -0.000214389
34.16 -0.000235267
34.18 -0.000255887
34.2 -0.000276241
34.22 -0.000296323
34.24 -0.000316129
34.26 -0.000335653
34.28 -0.000354888
34.3 -0.000373829
34.32 -0.000392472
34.34 -0.000410811
34.36 -0.000428842
34.38 -0.000446559
34.4 -0.000463959
34.42 -0.000481036
34.44 -0.000497787
34.46 -0.000514208
34.48 -0.000530294
34.5 -0.000546042
34.52 -0.000561448
34.54 -0.000576509
34.56 -0.000591222
34.58 -0.000605584
34.6 -0.000619591
34.62 -0.000633241
34.64 -0.000646532
34.66 -0.00065946
34.68 -0.000672025
34.7 -0.000684222
34.72 -0.000696052
34.74 -0.000707511
34.76 -0.000718599
34.78 -0.000729314
34.8 -0.000739654
34.82 -0.000749618
34.84 -0.000759206
34.86 -0.000768417
34.88 -0.00077725
34.9 -0.000785704
34.92 -0.000793779
34.94 -0.000801475
34.96 -0.000808792
34.98 -0.00081573
35 -0.000822289
35.02 -0.00082847
35.04 -0.000834273
35.06 -0.000839699
35.08 -0.000844749
35.1 -0.000849423
35.12 -0.000853723
35.14 -0.00085765
35.16 -0.000861206
35.18 -0.000864392
35.2 -0.000867209
35.22 -0.00086966
35.24 -0.000871747
35.26 -0.000873471
35.28 -0.000874835
35.3 -0.00087584
35.32 -0.00087649
35.34 -0.000876787
35.36 -0.000876734
35.38 -0.000876334
35.4 -0.000875589
35.42 -0.000874502
35.44 -0.000873077
35.46 -0.000871316
35.48 -0.000869224
35.5 -0.000866804
35.52 -0.000864059
35.54 -0.000860993
35.56 -0.000857609
35.58 -0.000853912
35.6 -0.000849905
35.62 -0.000845593
35.64 -0.00084098
35.66 -0.00083607
35.68 -0.000830866
35.7 -0.000825375
35.72 -0.000819599
35.74 -0.000813544
35.76 -0.000807214
35.78 -0.000800614
35.8 -0.000793749
35.82 -0.000786623
35.84 -0.000779242
35.86 -0.00077161
35.88 -0.000763733
35.9 -0.000755614
35.92 -0.000747261
35.94 -0.000738677
35.96 -0.000729868
35.98 -0.00072084
36 -0.000711597
36.02 -0.000702145
36.04 -0.00069249
36.06 -0.000682636
36.08 -0.00067259
36.1 -0.000662356
36.12 -0.000651941
36.14 -0.00064135
36.16 -0.000630588
36.18 -0.000619662
36.2 -0.000608576
36.22 -0.000597337
36.24 -0.00058595
36.26 -0.000574421
36.28 -0.000562755
36.3 -0.000550959
36.32 -0.000539037
36.34 -0.000526997
36.36 -0.000514842
36.38 -0.00050258
36.4 -0.000490216
36.42 -0.000477756
36.44 -0.000465204
36.46 -0.000452568
36.48 -0.000439853
36.5 -0.000427064
36.52 -0.000414206
36.54 -0.000401287
36.56 -0.000388311
36.58 -0.000375283
36.6 -0.000362211
36.62 -0.000349098
36.64 -0.000335951
36.66 -0.000322774
36.68 -0.000309575
36.7 -0.000296357
36.72 -0.000283126
36.74 -0.000269888
36.76 -0.000256649
36.78 -0.000243412
36.8 -0.000230184
36.82 -0.000216969
36.84 -0.000203773
36.86 -0.000190601
36.88 -0.000177458
36.9 -0.000164349
36.92 -0.000151279
36.94 -0.000138252
36.96 -0.000125274
36.98 -0.000112349
37 -9.94826e-05
37.02 -8.66785e-05
37.04 -7.39415e-05
37.06 -6.12764e-05
37.08 -4.86874e-05
37.1 -3.6179e-05
37.12 -2.37555e-05
37.14 -1.14212e-05
37.16 8.19759e-07
37.18 1.29632e-05
37.2 2.50052e-05
37.22 3.69416e-05
37.24 4.87687e-05
37.26 6.04826e-05
37.28 7.20794e-05
37.3 8.35557e-05
37.32 9.49077e-05
37.34 0.000106132
37.36 0.000117225
37.38 0.000128183
37.4 0.000139004
37.42 0.000149684
37.44 0.000160219
37.46 0.000170607
37.48 0.000180846
37.5 0.000190931
37.52 0.00020086
37.54 0.000210631
37.56 0.00022024
37.58 0.000229686
37.6 0.000238966
37.62 0.000248078
37.64 0.000257018
37.66 0.000265786
37.68 0.000274379
37.7 0.000282794
37.72 0.000291031
37.74 0.000299086
37.76 0.000306959
37.78 0.000314648
37.8 0.000322151
37.82 0.000329467
37.84 0.000336593
37.86 0.00034353
37.88 0.000350275
37.9 0.000356828
37.92 0.000363187
37.94 0.000369351
37.96 0.00037532
37.98 0.000381093
38 0.000386669
38.02 0.000392046
38.04 0.000397226
38.06 0.000402207
38.08 0.000406989
38.1 0.000411571
38.12 0.000415954
38.14 0.000420137
38.16 0.00042412
38.18 0.000427903
38.2 0.000431486
38.22 0.000434869
38.24 0.000438053
38.26 0.000441038
38.28 0.000443825
38.3 0.000446413
38.32 0.000448803
38.34 0.000450996
38.36 0.000452993
38.38 0.000454795
38.4 0.000456401
38.42 0.000457814
38.44 0.000459034
38.46 0.000460062
38.48 0.000460899
38.5 0.000461546
38.52 0.000462006
38.54 0.000462278
38.56 0.000462365
38.58 0.000462268
38.6 0.000461988
38.62 0.000461527
38.64 0.000460886
38.66 0.000460068
38.68 0.000459073
38.7 0.000457904
38.72 0.000456563
38.74 0.000455051
38.76 0.000453371
38.78 0.000451524
38.8 0.000449513
38.82 0.000447339
38.84 0.000445005
38.86 0.000442513
38.88 0.000439865
38.9 0.000437063
38.92 0.00043411
38.94 0.000431009
38.96 0.000427761
38.98 0.000424369
39 0.000420836
39.02 0.000417163
39.04 0.000413354
39.06 0.000409412
39.08 0.000405338
39.1 0.000401136
39.12 0.000396808
39.14 0.000392357
39.16 0.000387785
39.18 0.000383096
39.2 0.000378292
39.22 0.000373376
39.24 0.000368351
39.26 0.000363219
39.28 0.000357985
39.3 0.000352649
39.32 0.000347216
39.34 0.000341689
39.36 0.00033607
39.38 0.000330361
39.4 0.000324568
39.42 0.000318691
39.44 0.000312734
39.46 0.000306701
39.48 0.000300594
39.5 0.000294416
39.52 0.00028817
39.54 0.00028186
39.56 0.000275487
39.58 0.000269056
39.6 0.000262569
39.62 0.00025603
39.64 0.000249441
39.66 0.000242805
39.68 0.000236125
39.7 0.000229405
39.72 0.000222647
39.74 0.000215854
39.76 0.00020903
39.78 0.000202177
39.8 0.000195298
39.82 0.000188396
39.84 0.000181474
39.86 0.000174535
39.88 0.000167582
39.9 0.000160617
39.92 0.000153644
39.94 0.000146666
39.96 0.000139684
39.98 0.000132703
40 0.000125724


0 1
0.02 1
0.04 0.999604
0.06 0.998815
0.08 0.997639
0.1 0.996078
0.12 0.994138
0.14 0.991822
0.16 0.989136
0.18 0.986083
0.2 0.982669
0.22 0.978899
0.24 0.974777
0.26 0.970308
0.28 0.965498
0.3 0.960352
0.32 0.954875
0.34 0.949073
0.36 0.942951
0.38 0.936514
0.4 0.929769
0.42 0.922721
0.44 0.915375
0.46 0.907739
0.48 0.899817
0.5 0.891616
0.52 0.883141
0.54 0.874399
0.56 0.865397
0.58 0.856139
0.6 0.846633
0.62 0.836885
0.64 0.826901
0.66 0.816688
0.68 0.806251
0.7 0.795598
0.72 0.784735
0.74 0.773669
0.76 0.762405
0.78 0.750951
0.8 0.739312
0.82 0.727497
0.84 0.715511
0.86 0.703361
0.88 0.691053
0.9 0.678594
0.92 0.665992
0.94 0.653251
0.96 0.64038
0.98 0.627384
1 0.61427
1.02 0.601045
1.04 0.587716
1.06 0.574288
1.08 0.560769
1.1 0.547165
1.12 0.533482
1.14 0.519727
1.16 0.505906
1.18 0.492027
1.2 0.478094
1.22 0.464114
1.24 0.450094
1.26 0.43604
1.28 0.421958
1.3 0.407855
1.32 0.393735
1.34 0.379606
1.36 0.365474
1.38 0.351343
1.4 0.337221
1.42 0.323113
1.44 0.309024
1.46 0.294961
1.48 0.280929
1.5 0.266934
1.52 0.25298
1.54 0.239075
1.56 0.225222
1.58 0.211427
1.6 0.197696
1.62 0.184034
1.64 0.170445
1.66 0.156934
1.68 0.143507
1.7 0.130169
1.72 0.116923
1.74 0.103775
1.76 0.0907291
1.78 0.07779
1.8 0.0649619
1.82 0.0522493
1.84 0.0396562
1.86 0.0271868
1.88 0.0148452
1.9 0.00263519
1.92 -0.00943932
1.94 -0.0213746
1.96 -0.033167
1.98 -0.0448129
2 -0.056309
2.02 -0.0676518
2.04 -0.0788381
2.06 -0.0898648
2.08 -0.100729
2.1 -0.111427
2.12 -0.121956
2.14 -0.132315
2.16 -0.142499
2.18 -0.152507
2.2 -0.162335
2.22 -0.171983
2.24 -0.181446
2.26 -0.190724
2.28 -0.199814
2.3 -0.208714
2.32 -0.217422
2.34 -0.225937
2.36 -0.234257
2.38 -0.24238
2.4 -0.250305
2.42 -0.25803
2.44 -0.265555
2.46 -0.272878
2.48 -0.279997
2.5 -0.286913
2.52 -0.293624
2.54 -0.300129
2.56 -0.306428
2.58 -0.312521
2.6 -0.318406
2.62 -0.324083
2.64 -0.329552
2.66 -0.334813
2.68 -0.339866
2.7 -0.34471
2.72 -0.349346
2.74 -0.353774
2.76 -0.357995
2.78 -0.362007
2.8 -0.365813
2.82 -0.369413
2.84 -0.372806
2.86 -0.375994
2.88 -0.378978
2.9 -0.381758
2.92 -0.384336
2.94 -0.386712
2.96 -0.388888
2.98 -0.390864
3 -0.392642
3.02 -0.394224
3.04 -0.39561
3.06 -0.396802
3.08 -0.397802
3.1 -0.398612
3.12 -0.399232
3.14 -0.399665
3.16 -0.399913
3.18 -0.399977
3.2 -0.39986
3.22 -0.399563
3.24 -0.399089
3.26 -0.398439
3.28 -0.397616
3.3 -0.396623
3.32 -0.39546
3.34 -0.394132
3.36 -0.39264
3.38 -0.390986
3.4 -0.389174
3.42 -0.387205
3.44 -0.385082
3.46 -0.382809
3.48 -0.380387
3.5 -0.377819
3.52 -0.375109
3.54 -0.372259
3.56 -0.369271
3.58 -0.366149
3.6 -0.362896
3.62 -0.359514
3.64 -0.356007
3.66 -0.352378
3.68 -0.348628
3.7 -0.344763
3.72 -0.340784
3.74 -0.336695
3.76 -0.332499
3.78 -0.328199
3.8 -0.323799
3.82 -0.3193
3.84 -0.314708
3.86 -0.310024
3.88 -0.305252
3.9 -0.300395
3.92 -0.295457
3.94 -0.290441
3.96 -0.285349
3.98 -0.280186
4 -0.274954
4.02 -0.269657
4.04 -0.264298
4.06 -0.25888
4.08 -0.253407
4.1 -0.247881
4.12 -0.242307
4.14 -0.236686
4.16 -0.231023
4.18 -0.225321
4.2 -0.219582
4.22 -0.213811
4.24 -0.208009
4.26 -0.202181
4.28 -0.19633
4.3 -0.190458
4.32 -0.184568
4.34 -0.178665
4.36 -0.17275
4.38 -0.166827
4.4 -0.160899
4.42 -0.154969
4.44 -0.14904
4.46 -0.143114
4.48 -0.137195
4.5 -0.131286
4.52 -0.125389
4.54 -0.119507
4.56 -0.113643
4.58 -0.1078
4.6 -0.10198
4.62 -0.0961865
4.64 -0.0904214
4.66 -0.0846877
4.68 -0.0789878
4.7 -0.0733243
4.72 -0.0676997
4.74 -0.0621163
4.76 -0.0565767
4.78 -0.0510831
4.8 -0.0456378
4.82 -0.0402432
4.84 -0.0349014
4.86 -0.0296146
4.88 -0.024385
4.9 -0.0192146
4.92 -0.0141055
4.94 -0.00905962
4.96 -0.00407898
4.98 0.000834573
5 0.00567918
5.02 0.0104531
5.04 0.0151545
5.06 0.0197817
5.08 0.0243331
5.1 0.0288071
5.12 0.0332021
5.14 0.0375167
5.16 0.0417495
5.18 0.045899
5.2 0.0499639
5.22 0.0539429
5.24 0.0578348
5.26 0.0616385
5.28 0.0653528
5.3 0.0689766
5.32 0.0725089
5.34 0.0759488
5.36 0.0792954
5.38 0.0825478
5.4 0.0857052
5.42 0.0887669
5.44 0.0917321
5.46 0.0946003
5.48 0.0973708
5.5 0.100043
5.52 0.102617
5.54 0.105091
5.56 0.107466
5.58 0.109742
5.6 0.111917
5.62 0.113992
5.64 0.115966
5.66 0.11784
5.68 0.119613
5.7 0.121286
5.72 0.122858
5.74 0.124329
5.76 0.1257
5.78 0.126971
5.8 0.128142
5.82 0.129213
5.84 0.130185
5.86 0.131057
5.88 0.131831
5.9 0.132507
5.92 0.133086
5.94 0.133567
5.96 0.133951
5.98 0.13424
6 0.134434
6.02 0.134533
6.04 0.134539
6.06 0.134452
6.08 0.134273
6.1 0.134003
6.12 0.133642
6.14 0.133193
6.16 0.132655
6.18 0.13203
6.2 0.131319
6.22 0.130523
6.24 0.129644
6.26 0.128681
6.28 0.127638
6.3 0.126514
6.32 0.125311
6.34 0.124031
6.36 0.122675
6.38 0.121243
6.4 0.119739
6.42 0.118162
6.44 0.116515
6.46 0.114799
6.48 0.113015
6.5 0.111165
6.52 0.10925
6.54 0.107273
6.56 0.105235
6.58 0.103136
6.6 0.10098
6.62 0.098767
6.64 0.0964994
6.66 0.0941788
6.68 0.0918068
6.7 0.0893852
6.72 0.0869157
6.74 0.0844
6.76 0.08184
6.78 0.0792373
6.8 0.0765938
6.82 0.0739113
6.84 0.0711915
6.86 0.0684362
6.88 0.0656473
6.9 0.0628267
6.92 0.059976
6.94 0.0570972
6.96 0.0541922
6.98 0.0512626
7 0.0483104
7.02 0.0453374
7.04 0.0423455
7.06 0.0393364
7.08 0.0363121
7.1 0.0332743
7.12 0.030225
7.14 0.0271658
7.16 0.0240987
7.18 0.0210255
7.2 0.0179479
7.22 0.0148678
7.24 0.011787
7.26 0.00870727
7.28 0.00563034
7.3 0.00255801
7.32 -0.000507963
7.34 -0.00356585
7.36 -0.00661391
7.38 -0.00965043
7.4 -0.0126737
7.42 -0.0156821
7.44 -0.0186738
7.46 -0.0216473
7.48 -0.024601
7.5 -0.0275331
7.52 -0.0304421
7.54 -0.0333264
7.56 -0.0361844
7.58 -0.0390147
7.6 -0.0418157
7.62 -0.0445858
7.64 -0.0473236
7.66 -0.0500277
7.68 -0.0526966
7.7 -0.055329
7.72 -0.0579233
7.74 -0.0604783
7.76 -0.0629927
7.78 -0.0654651
7.8 -0.0678942
7.82 -0.0702788
7.84 -0.0726177
7.86 -0.0749097
7.88 -0.0771535
7.9 -0.0793481
7.92 -0.0814924
7.94 -0.0835851
7.96 -0.0856254
7.98 -0.0876122
8 -0.0895444
8.02 -0.0914211
8.04 -0.0932414
8.06 -0.0950044
8.08 -0.0967091
8.1 -0.0983548
8.12 -0.0999407
8.14 -0.101466
8.16 -0.10293
8.18 -0.104332
8.2 -0.105671
8.22 -0.106946
8.24 -0.108158
8.26 -0.109305
8.28 -0.110387
8.3 -0.111403
8.32 -0.112353
8.34 -0.113237
8.36 -0.114053
8.38 -0.114802
8.4 -0.115484
8.42 -0.116097
8.44 -0.116642
8.46 -0.117119
8.48 -0.117526
8.5 -0.117865
8.52 -0.118135
8.54 -0.118336
8.56 -0.118467
8.58 -0.118529
8.6 -0.118522
8.62 -0.118446
8.64 -0.1183
8.66 -0.118085
8.68 -0.117801
8.7 -0.117449
8.72 -0.117027
8.74 -0.116537
8.76 -0.115979
8.78 -0.115354
8.8 -0.11466
8.82 -0.113899
8.84 -0.113072
8.86 -0.112178
8.88 -0.111218
8.9 -0.110192
8.92 -0.109101
8.94 -0.107946
8.96 -0.106727
8.98 -0.105445
9 -0.104099
9.02 -0.102692
9.04 -0.101223
9.06 -0.0996932
9.08 -0.0981035
9.1 -0.0964546
9.12 -0.0947471
9.14 -0.0929819
9.16 -0.0911598
9.18 -0.0892817
9.2 -0.0873484
9.22 -0.0853609
9.24 -0.08332
9.26 -0.0812268
9.28 -0.0790821
9.3 -0.076887
9.32 -0.0746425
9.34 -0.0723496
9.36 -0.0700093
9.38 -0.0676228
9.4 -0.0651912
9.42 -0.0627154
9.44 -0.0601967
9.46 -0.0576363
9.48 -0.0550352
9.5 -0.0523947
9.52 -0.0497159
9.54 -0.0470001
9.56 -0.0442485
9.58 -0.0414624
9.6 -0.0386429
9.62 -0.0357914
9.64 -0.0329091
9.66 -0.0299974
9.68 -0.0270575
9.7 -0.0240907
9.72 -0.0210984
9.74 -0.018082
9.76 -0.0150427
9.78 -0.0119819
9.8 -0.00890097
9.82 -0.0058013
9.84 -0.00268424
9.86 0.000448828
9.88 0.00359651
9.9 0.00675741
9.92 0.00993014
9.94 0.0131133
9.96 0.0163055
9.98 0.0195053
10 0.0227113
10.02 0.0259221
10.04 0.0291363
10.06 0.0323525
10.08 0.0355693
10.1 0.0387852
10.12 0.0419989
10.14 0.045209
10.16 0.048414
10.18 0.0516126
10.2 0.0548033
10.22 0.0579847
10.24 0.0611556
10.26 0.0643145
10.28 0.06746
10.3 0.0705907
10.32 0.0737054
10.34 0.0768026
10.36 0.0798811
10.38 0.0829394
10.4 0.0859762
10.42 0.0889903
10.44 0.0919803
10.46 0.0949449
10.48 0.0978829
10.5 0.100793
10.52 0.103674
10.54 0.106524
10.56 0.109343
10.58 0.112129
10.6 0.114881
10.62 0.117597
10.64 0.120278
10.66 0.12292
10.68 0.125524
10.7 0.128088
10.72 0.130611
10.74 0.133092
10.76 0.135529
10.78 0.137923
10.8 0.140271
10.82 0.142573
10.84 0.144828
10.86 0.147034
10.88 0.149192
10.9 0.151299
10.92 0.153355
10.94 0.155359
10.96 0.15731
10.98 0.159208
11 0.161051
11.02 0.162839
11.04 0.164571
11.06 0.166246
11.08 0.167863
11.1 0.169422
11.12 0.170921
11.14 0.172362
11.16 0.173741
11.18 0.17506
11.2 0.176317
11.22 0.177512
11.24 0.178645
11.26 0.179714
11.28 0.180719
11.3 0.18166
11.32 0.182537
11.34 0.183348
11.36 0.184094
11.38 0.184774
11.4 0.185388
11.42 0.185935
11.44 0.186416
11.46 0.186829
11.48 0.187175
11.5 0.187454
11.52 0.187664
11.54 0.187807
11.56 0.187882
11.58 0.187889
11.6 0.187827
11.62 0.187697
11.64 0.187499
11.66 0.187232
11.68 0.186897
11.7 0.186493
11.72 0.186022
11.74 0.185482
11.76 0.184874
11.78 0.184199
11.8 0.183455
11.82 0.182644
11.84 0.181766
11.86 0.180821
11.88 0.179809
11.9 0.178731
11.92 0.177586
11.94 0.176376
11.96 0.1751
11.98 0.17376
12 0.172354
12.02 0.170885
12.04 0.169352
12.06 0.167755
12.08 0.166096
12.1 0.164375
12.12 0.162592
12.14 0.160748
12.16 0.158844
12.18 0.15688
12.2 0.154857
12.22 0.152775
12.24 0.150636
12.26 0.14844
12.28 0.146187
12.3 0.143879
12.32 0.141516
12.34 0.139099
12.36 0.136629
12.38 0.134106
12.4 0.131532
12.42 0.128907
12.44 0.126233
12.46 0.12351
12.48 0.120739
12.5 0.117921
12.52 0.115056
12.54 0.112147
12.56 0.109194
12.58 0.106198
12.6 0.10316
12.62 0.10008
12.64 0.096961
12.66 0.0938028
12.68 0.0906068
12.7 0.0873741
12.72 0.0841058
12.74 0.0808029
12.76 0.0774667
12.78 0.0740982
12.8 0.0706985
12.82 0.0672689
12.84 0.0638106
12.86 0.0603246
12.88 0.0568121
12.9 0.0532745
12.92 0.0497128
12.94 0.0461283
12.96 0.0425222
12.98 0.0388957
13 0.0352501
13.02 0.0315866
13.04 0.0279064
13.06 0.0242108
13.08 0.020501
13.1 0.0167783
13.12 0.013044
13.14 0.00929937
13.16 0.0055456
13.18 0.00178399
13.2 -0.00198417
13.22 -0.00575762
13.24 -0.00953507
13.26 -0.0133153
13.28 -0.0170969
13.3 -0.0208787
13.32 -0.0246594
13.34 -0.0284378
13.36 -0.0322125
13.38 -0.0359822
13.4 -0.0397458
13.42 -0.043502
13.44 -0.0472494
13.46 -0.0509868
13.48 -0.054713
13.5 -0.0584267
13.52 -0.0621267
13.54 -0.0658117
13.56 -0.0694804
13.58 -0.0731318
13.6 -0.0767645
13.62 -0.0803773
13.64 -0.083969
13.66 -0.0875385
13.68 -0.0910845
13.7 -0.0946058
13.72 -0.0981013
13.74 -0.10157
13.76 -0.10501
13.78 -0.108421
13.8 -0.111802
13.82 -0.115151
13.84 -0.118467
13.86 -0.12175
13.88 -0.124998
13.9 -0.128209
13.92 -0.131384
13.94 -0.134521
13.96 -0.137619
13.98 -0.140677
14 -0.143693
14.02 -0.146667
14.04 -0.149599
14.06 -0.152486
14.08 -0.155328
14.1 -0.158125
14.12 -0.160874
14.14 -0.163576
14.16 -0.166229
14.18 -0.168833
14.2 -0.171386
14.22 -0.173888
14.24 -0.176338
14.26 -0.178735
14.28 -0.181079
14.3 -0.183368
14.32 -0.185602
14.34 -0.18778
14.36 -0.189902
14.38 -0.191967
14.4 -0.193973
14.42 -0.195921
14.44 -0.19781
14.46 -0.199639
14.48 -0.201408
14.5 -0.203116
14.52 -0.204762
14.54 -0.206346
14.56 -0.207868
14.58 -0.209327
14.6 -0.210722
14.62 -0.212053
14.64 -0.21332
14.66 -0.214522
14.68 -0.215659
14.7 -0.21673
14.72 -0.217736
14.74 -0.218675
14.76 -0.219548
14.78 -0.220354
14.8 -0.221093
14.82 -0.221765
14.84 -0.22237
14.86 -0.222906
14.88 -0.223375
14.9 -0.223776
14.92 -0.224109
14.94 -0.224374
14.96 -0.22457
14.98 -0.224698
15 -0.224758
15.02 -0.224749
15.04 -0.224672
15.06 -0.224527
15.08 -0.224313
15.1 -0.224032
15.12 -0.223682
15.14 -0.223264
15.16 -0.222778
15.18 -0.222225
15.2 -0.221604
15.22 -0.220915
15.24 -0.22016
15.26 -0.219337
15.28 -0.218449
15.3 -0.217493
15.32 -0.216472
15.34 -0.215385
15.36 -0.214233
15.38 -0.213016
15.4 -0.211734
15.42 -0.210388
15.44 -0.208978
15.46 -0.207505
15.48 -0.20597
15.5 -0.204372
15.52 -0.202712
15.54 -0.20099
15.56 -0.199208
15.58 -0.197366
15.6 -0.195464
15.62 -0.193503
15.64 -0.191483
15.66 -0.189406
15.68 -0.187272
15.7 -0.185081
15.72 -0.182834
15.74 -0.180532
15.76 -0.178176
15.78 -0.175766
15.8 -0.173304
15.82 -0.170789
15.84 -0.168222
15.86 -0.165606
15.88 -0.162939
15.9 -0.160223
15.92 -0.15746
15.94 -0.154649
15.96 -0.151792
15.98 -0.148889
16 -0.145942
16.02 -0.14295
16.04 -0.139917
16.06 -0.136841
16.08 -0.133724
16.1 -0.130568
16.12 -0.127372
16.14 -0.124138
16.16 -0.120868
16.18 -0.117561
16.2 -0.114219
16.22 -0.110843
16.24 -0.107434
16.26 -0.103994
16.28 -0.100522
16.3 -0.0970204
16.32 -0.09349
16.34 -0.0899319
16.36 -0.0863471
16.38 -0.0827367
16.4 -0.0791019
16.42 -0.0754436
16.44 -0.071763
16.46 -0.0680612
16.48 -0.0643394
16.5 -0.0605985
16.52 -0.0568398
16.54 -0.0530644
16.56 -0.0492734
16.58 -0.0454679
16.6 -0.0416491
16.62 -0.037818
16.64 -0.033976
16.66 -0.030124
16.68 -0.0262632
16.7 -0.0223949
16.72 -0.01852
16.74 -0.0146398
16.76 -0.0107555
16.78 -0.00686808
16.8 -0.0029788
16.82 0.000911209
16.84 0.00480081
16.86 0.00868887
16.88 0.0125742
16.9 0.0164557
16.92 0.0203323
16.94 0.0242027
16.96 0.0280659
16.98 0.0319208
17 0.0357661
17.02 0.0396008
17.04 0.0434238
17.06 0.0472339
17.08 0.0510301
17.1 0.0548112
17.12 0.0585762
17.14 0.0623239
17.16 0.0660533
17.18 0.0697633
17.2 0.0734528
17.22 0.0771208
17.24 0.0807662
17.26 0.084388
17.28 0.087985
17.3 0.0915564
17.32 0.095101
17.34 0.0986179
17.36 0.102106
17.38 0.105564
17.4 0.108992
17.42 0.112388
17.44 0.115751
17.46 0.119081
17.48 0.122376
17.5 0.125636
17.52 0.128859
17.54 0.132045
17.56 0.135192
17.58 0.138301
17.6 0.14137
17.62 0.144397
17.64 0.147383
17.66 0.150327
17.68 0.153227
17.7 0.156083
17.72 0.158894
17.74 0.16166
17.76 0.164379
17.78 0.16705
17.8 0.169674
17.82 0.172249
17.84 0.174775
17.86 0.177251
17.88 0.179675
17.9 0.182049
17.92 0.18437
17.94 0.186639
17.96 0.188854
17.98 0.191016
18 0.193123
18.02 0.195175
18.04 0.197171
18.06 0.199112
18.08 0.200995
18.1 0.202822
18.12 0.204591
18.14 0.206302
18.16 0.207954
18.18 0.209547
18.2 0.211081
18.22 0.212556
18.24 0.21397
18.26 0.215323
18.28 0.216616
18.3 0.217848
18.32 0.219018
18.34 0.220127
18.36 0.221173
18.38 0.222157
18.4 0.223079
18.42 0.223938
18.44 0.224734
18.46 0.225467
18.48 0.226137
18.5 0.226744
18.52 0.227287
18.54 0.227766
18.56 0.228182
18.58 0.228533
18.6 0.228821
18.62 0.229045
18.64 0.229206
18.66 0.229302
18.68 0.229335
18.7 0.229303
18.72 0.229208
18.74 0.22905
18.76 0.228827
18.78 0.228542
18.8 0.228192
18.82 0.22778
18.84 0.227305
18.86 0.226767
18.88 0.226166
18.9 0.225502
18.92 0.224777
18.94 0.223989
18.96 0.22314
18.98 0.22223
19 0.221258
19.02 0.220225
19.04 0.219132
19.06 0.217979
19.08 0.216767
19.1 0.215494
19.12 0.214163
19.14 0.212774
19.16 0.211326
19.18 0.209821
19.2 0.208258
19.22 0.206639
19.24 0.204963
19.26 0.203232
19.28 0.201446
19.3 0.199605
19.32 0.19771
19.34 0.195761
19.36 0.19376
19.38 0.191706
19.4 0.1896
19.42 0.187443
19.44 0.185236
19.46 0.182979
19.48 0.180673
19.5 0.178318
19.52 0.175916
19.54 0.173466
19.56 0.17097
19.58 0.168428
19.6 0.165842
19.62 0.163211
19.64 0.160537
19.66 0.15782
19.68 0.155062
19.7 0.152262
19.72 0.149422
19.74 0.146543
19.76 0.143624
19.78 0.140669
19.8 0.137676
19.82 0.134647
19.84 0.131583
19.86 0.128484
19.88 0.125352
19.9 0.122188
19.92 0.118991
19.94 0.115764
19.96 0.112507
19.98 0.109221
20 0.105907
20.02 0.102565
20.04 0.0991977
20.06 0.0958049
20.08 0.0923877
20.1 0.0889472
20.12 0.0854843
20.14 0.0819999
20.16 0.078495
20.18 0.0749706
20.2 0.0714277
20.22 0.0678672
20.24 0.0642901
20.26 0.0606975
20.28 0.0570902
20.3 0.0534694
20.32 0.0498359
20.34 0.0461908
20.36 0.0425351
20.38 0.0388698
20.4 0.0351959
20.42 0.0315144
20.44 0.0278262
20.46 0.0241325
20.48 0.0204342
20.5 0.0167323
20.52 0.0130278
20.54 0.00932172
20.56 0.00561508
20.58 0.00190888
20.6 -0.0017959
20.62 -0.00549824
20.64 -0.00919715
20.66 -0.0128916
20.68 -0.0165807
20.7 -0.0202633
20.72 -0.0239386
20.74 -0.0276054
20.76 -0.0312629
20.78 -0.0349101
20.8 -0.0385459
20.82 -0.0421694
20.84 -0.0457797
20.86 -0.0493757
20.88 -0.0529566
20.9 -0.0565213
20.92 -0.060069
20.94 -0.0635986
20.96 -0.0671093
20.98 -0.0706002
21 -0.0740702
21.02 -0.0775185
21.04 -0.0809442
21.06 -0.0843464
21.08 -0.0877241
21.1 -0.0910766
21.12 -0.0944029
21.14 -0.0977021
21.16 -0.100973
21.18 -0.104216
21.2 -0.107429
21.22 -0.110611
21.24 -0.113763
21.26 -0.116882
21.28 -0.119968
21.3 -0.123021
21.32 -0.126039
21.34 -0.129021
21.36 -0.131968
21.38 -0.134878
21.4 -0.137751
21.42 -0.140585
21.44 -0.14338
21.46 -0.146135
21.48 -0.14885
21.5 -0.151524
21.52 -0.154156
21.54 -0.156746
21.56 -0.159292
21.58 -0.161795
21.6 -0.164254
21.62 -0.166667
21.64 -0.169035
21.66 -0.171356
21.68 -0.173631
21.7 -0.175858
21.72 -0.178038
21.74 -0.180169
21.76 -0.182251
21.78 -0.184284
21.8 -0.186266
21.82 -0.188198
21.84 -0.190079
21.86 -0.191909
21.88 -0.193687
21.9 -0.195413
21.92 -0.197085
21.94 -0.198705
21.96 -0.200271
21.98 -0.201784
22 -0.203242
22.02 -0.204646
22.04 -0.205994
22.06 -0.207288
22.08 -0.208526
22.1 -0.209708
22.12 -0.210834
22.14 -0.211904
22.16 -0.212917
22.18 -0.213873
22.2 -0.214773
22.22 -0.215615
22.24 -0.2164
22.26 -0.217127
22.28 -0.217797
22.3 -0.218409
22.32 -0.218963
22.34 -0.219458
22.36 -0.219896
22.38 -0.220276
22.4 -0.220597
22.42 -0.22086
22.44 -0.221065
22.46 -0.221211
22.48 -0.221299
22.5 -0.221329
22.52 -0.221301
22.54 -0.221214
22.56 -0.221069
22.58 -0.220866
22.6 -0.220605
22.62 -0.220286
22.64 -0.21991
22.66 -0.219476
22.68 -0.218984
22.7 -0.218436
22.72 -0.21783
22.74 -0.217167
22.76 -0.216448
22.78 -0.215672
22.8 -0.21484
22.82 -0.213952
22.84 -0.213008
22.86 -0.212009
22.88 -0.210955
22.9 -0.209846
22.92 -0.208683
22.94 -0.207466
22.96 -0.206195
22.98 -0.20487
23 -0.203493
23.02 -0.202063
23.04 -0.200581
23.06 -0.199047
23.08 -0.197462
23.1 -0.195826
23.12 -0.194139
23.14 -0.192403
23.16 -0.190617
23.18 -0.188782
23.2 -0.186899
23.22 -0.184968
23.24 -0.18299
23.26 -0.180965
23.28 -0.178893
23.3 -0.176776
23.32 -0.174614
23.34 -0.172408
23.36 -0.170157
23.38 -0.167863
23.4 -0.165527
23.42 -0.163148
23.44 -0.160728
23.46 -0.158268
23.48 -0.155767
23.5 -0.153227
23.52 -0.150648
23.54 -0.148032
23.56 -0.145378
23.58 -0.142687
23.6 -0.139961
23.62 -0.1372
23.64 -0.134404
23.66 -0.131574
23.68 -0.128712
23.7 -0.125818
23.72 -0.122892
23.74 -0.119936
23.76 -0.11695
23.78 -0.113935
23.8 -0.110891
23.82 -0.107821
23.84 -0.104724
23.86 -0.101601
23.88 -0.0984531
23.9 -0.0952813
23.92 -0.0920862
23.94 -0.0888688
23.96 -0.0856298
23.98 -0.08237
24 -0.0790905
24.02 -0.075792
24.04 -0.0724753
24.06 -0.0691414
24.08 -0.0657912
24.1 -0.0624254
24.12 -0.059045
24.14 -0.0556509
24.16 -0.052244
24.18 -0.048825
24.2 -0.045395
24.22 -0.0419549
24.24 -0.0385054
24.26 -0.0350476
24.28 -0.0315822
24.3 -0.0281103
24.32 -0.0246327
24.34 -0.0211502
24.36 -0.0176639
24.38 -0.0141746
24.4 -0.0106832
24.42 -0.00719068
24.44 -0.00369782
24.46 -0.000205583
24.48 0.00328514
24.5 0.00677345
24.52 0.0102585
24.54 0.0137392
24.56 0.0172149
24.58 0.0206846
24.6 0.0241475
24.62 0.0276025
24.64 0.0310489
24.66 0.0344858
24.68 0.0379122
24.7 0.0413273
24.72 0.0447303
24.74 0.0481203
24.76 0.0514963
24.78 0.0548576
24.8 0.0582033
24.82 0.0615325
24.84 0.0648445
24.86 0.0681382
24.88 0.071413
24.9 0.0746679
24.92 0.0779022
24.94 0.0811151
24.96 0.0843056
24.98 0.0874731
25 0.0906167
25.02 0.0937356
25.04 0.0968291
25.06 0.0998963
25.08 0.102936
25.1 0.105949
25.12 0.108933
25.14 0.111887
25.16 0.114812
25.18 0.117705
25.2 0.120568
25.22 0.123398
25.24 0.126195
25.26 0.128958
25.28 0.131687
25.3 0.134382
25.32 0.13704
25.34 0.139662
25.36 0.142247
25.38 0.144795
25.4 0.147304
25.42 0.149775
25.44 0.152206
25.46 0.154596
25.48 0.156946
25.5 0.159255
25.52 0.161522
25.54 0.163747
25.56 0.165929
25.58 0.168067
25.6 0.170161
25.62 0.17221
25.64 0.174215
25.66 0.176174
25.68 0.178087
25.7 0.179953
25.72 0.181773
25.74 0.183545
25.76 0.18527
25.78 0.186946
25.8 0.188574
25.82 0.190152
25.84 0.191681
25.86 0.193161
25.88 0.19459
25.9 0.195969
25.92 0.197297
25.94 0.198574
25.96 0.199799
25.98 0.200973
26 0.202095
26.02 0.203164
26.04 0.204182
26.06 0.205146
26.08 0.206057
26.1 0.206916
26.12 0.20772
26.14 0.208472
26.16 0.209169
26.18 0.209813
26.2 0.210403
26.22 0.210939
26.24 0.21142
26.26 0.211847
26.28 0.21222
26.3 0.212538
26.32 0.212801
26.34 0.21301
26.36 0.213165
26.38 0.213264
26.4 0.213309
26.42 0.2133
26.44 0.213236
26.46 0.213117
26.48 0.212943
26.5 0.212716
26.52 0.212433
26.54 0.212097
26.56 0.211706
26.58 0.211261
26.6 0.210763
26.62 0.21021
26.64 0.209604
26.66 0.208945
26.68 0.208232
26.7 0.207466
26.72 0.206648
26.74 0.205776
26.76 0.204853
26.78 0.203877
26.8 0.20285
26.82 0.20177
26.84 0.20064
26.86 0.199459
26.88 0.198227
26.9 0.196944
26.92 0.195612
26.94 0.19423
26.96 0.192799
26.98 0.191319
27 0.189791
27.02 0.188215
27.04 0.18659
27.06 0.184919
27.08 0.183201
27.1 0.181437
27.12 0.179626
27.14 0.177771
27.16 0.17587
27.18 0.173925
27.2 0.171937
27.22 0.169905
27.24 0.16783
27.26 0.165713
27.28 0.163554
27.3 0.161354
27.32 0.159113
27.34 0.156832
27.36 0.154512
27.38 0.152153
27.4 0.149756
27.42 0.147321
27.44 0.14485
27.46 0.142342
27.48 0.139798
27.5 0.137219
27.52 0.134606
27.54 0.13196
27.56 0.12928
27.58 0.126568
27.6 0.123825
27.62 0.12105
27.64 0.118246
27.66 0.115412
27.68 0.112549
27.7 0.109658
27.72 0.10674
27.74 0.103796
27.76 0.100826
27.78 0.0978307
27.8 0.0948113
27.82 0.0917685
27.84 0.0887031
27.86 0.0856158
27.88 0.0825074
27.9 0.0793787
27.92 0.0762305
27.94 0.0730637
27.96 0.069879
27.98 0.0666772
28 0.0634592
28.02 0.0602257
28.04 0.0569777
28.06 0.0537159
28.08 0.0504412
28.1 0.0471544
28.12 0.0438563
28.14 0.0405478
28.16 0.0372297
28.18 0.0339029
28.2 0.0305682
28.22 0.0272264
28.24 0.0238785
28.26 0.0205252
28.28 0.0171674
28.3 0.013806
28.32 0.0104419
28.34 0.00707576
28.36 0.00370859
28.38 0.000341196
28.4 -0.00302556
28.42 -0.00639082
28.44 -0.00975373
28.46 -0.0131135
28.48 -0.0164691
28.5 -0.0198199
28.52 -0.0231649
28.54 -0.0265033
28.56 -0.0298343
28.58 -0.033157
28.6 -0.0364706
28.62 -0.0397742
28.64 -0.043067
28.66 -0.0463482
28.68 -0.0496169
28.7 -0.0528724
28.72 -0.0561137
28.74 -0.0593401
28.76 -0.0625507
28.78 -0.0657448
28.8 -0.0689216
28.82 -0.0720801
28.84 -0.0752197
28.86 -0.0783396
28.88 -0.0814389
28.9 -0.0845169
28.92 -0.0875728
28.94 -0.0906059
28.96 -0.0936153
28.98 -0.0966003
29 -0.0995601
29.02 -0.102494
29.04 -0.105401
29.06 -0.108281
29.08 -0.111133
29.1 -0.113957
29.12 -0.11675
29.14 -0.119514
29.16 -0.122246
29.18 -0.124947
29.2 -0.127615
29.22 -0.130251
29.24 -0.132853
29.26 -0.135421
29.28 -0.137954
29.3 -0.140451
29.32 -0.142912
29.34 -0.145337
29.36 -0.147724
29.38 -0.150073
29.4 -0.152383
29.42 -0.154655
29.44 -0.156886
29.46 -0.159077
29.48 -0.161228
29.5 -0.163337
29.52 -0.165404
29.54 -0.167429
29.56 -0.169411
29.58 -0.171349
29.6 -0.173244
29.62 -0.175094
29.64 -0.176899
29.66 -0.178659
29.68 -0.180373
29.7 -0.182041
29.72 -0.183663
29.74 -0.185237
29.76 -0.186765
29.78 -0.188244
29.8 -0.189675
29.82 -0.191058
29.84 -0.192392
29.86 -0.193677
29.88 -0.194913
29.9 -0.196098
29.92 -0.197234
29.94 -0.198319
29.96 -0.199354
29.98 -0.200338
30 -0.20127
30.02 -0.202152
30.04 -0.202982
30.06 -0.20376
30.08 -0.204486
30.1 -0.20516
30.12 -0.205781
30.14 -0.206351
30.16 -0.206867
30.18 -0.207331
30.2 -0.207743
30.22 -0.208101
30.24 -0.208406
30.26 -0.208658
30.28 -0.208857
30.3 -0.209003
30.32 -0.209096
30.34 -0.209136
30.36 -0.209122
30.38 -0.209055
30.4 -0.208935
30.42 -0.208762
30.44 -0.208536
30.46 -0.208256
30.48 -0.207924
30.5 -0.207539
30.52 -0.207101
30.54 -0.206611
30.56 -0.206068
30.58 -0.205472
30.6 -0.204825
30.62 -0.204125
30.64 -0.203373
30.66 -0.20257
30.68 -0.201716
30.7 -0.20081
30.72 -0.199853
30.74 -0.198846
30.76 -0.197787
30.78 -0.196679
30.8 -0.195521
30.82 -0.194313
30.84 -0.193056
30.86 -0.19175
30.88 -0.190395
30.9 -0.188992
30.92 -0.187541
30.94 -0.186043
30.96 -0.184497
30.98 -0.182904
31 -0.181265
31.02 -0.179581
31.04 -0.17785
31.06 -0.176075
31.08 -0.174254
31.1 -0.17239
31.12 -0.170482
31.14 -0.168531
31.16 -0.166537
31.18 -0.164501
31.2 -0.162423
31.22 -0.160304
31.24 -0.158145
31.26 -0.155945
31.28 -0.153706
31.3 -0.151428
31.32 -0.149112
31.34 -0.146758
31.36 -0.144367
31.38 -0.141939
31.4 -0.139475
31.42 -0.136976
31.44 -0.134443
31.46 -0.131875
31.48 -0.129274
31.5 -0.12664
31.52 -0.123975
31.54 -0.121278
31.56 -0.11855
31.58 -0.115793
31.6 -0.113006
31.62 -0.11019
31.64 -0.107347
31.66 -0.104477
31.68 -0.10158
31.7 -0.0986575
31.72 -0.0957103
31.74 -0.0927388
31.76 -0.089744
31.78 -0.0867266
31.8 -0.0836873
31.82 -0.0806269
31.84 -0.0775462
31.86 -0.0744459
31.88 -0.071327
31.9 -0.0681901
31.92 -0.065036
31.94 -0.0618656
31.96 -0.0586796
31.98 -0.0554789
32 -0.0522643
32.02 -0.0490366
32.04 -0.0457966
32.06 -0.0425451
32.08 -0.0392831
32.1 -0.0360112
32.12 -0.0327303
32.14 -0.0294413
32.16 -0.026145
32.18 -0.0228423
32.2 -0.0195339
32.22 -0.0162207
32.24 -0.0129036
32.26 -0.00958335
32.28 -0.00626087
32.3 -0.00293698
32.32 0.000387476
32.34 0.00371166
32.36 0.00703472
32.38 0.0103558
32.4 0.0136741
32.42 0.0169888
32.44 0.0202989
32.46 0.0236037
32.48 0.0269024
32.5 0.030194
32.52 0.0334778
32.54 0.0367529
32.56 0.0400185
32.58 0.0432738
32.6 0.0465179
32.62 0.04975
32.64 0.0529693
32.66 0.0561749
32.68 0.0593661
32.7 0.0625421
32.72 0.065702
32.74 0.0688451
32.76 0.0719704
32.78 0.0750774
32.8 0.078165
32.82 0.0812327
32.84 0.0842795
32.86 0.0873048
32.88 0.0903077
32.9 0.0932875
32.92 0.0962434
32.94 0.0991747
32.96 0.102081
32.98 0.104961
33 0.107814
33.02 0.110639
33.04 0.113436
33.06 0.116204
33.08 0.118943
33.1 0.121651
33.12 0.124328
33.14 0.126973
33.16 0.129586
33.18 0.132166
33.2 0.134712
33.22 0.137224
33.24 0.1397
33.26 0.142141
33.28 0.144546
33.3 0.146914
33.32 0.149244
33.34 0.151536
33.36 0.15379
33.38 0.156004
33.4 0.158179
33.42 0.160313
33.44 0.162406
33.46 0.164458
33.48 0.166468
33.5 0.168436
33.52 0.17036
33.54 0.172241
33.56 0.174078
33.58 0.175871
33.6 0.177619
33.62 0.179322
33.64 0.180979
33.66 0.182589
33.68 0.184153
33.7 0.185671
33.72 0.187141
33.74 0.188563
33.76 0.189937
33.78 0.191263
33.8 0.19254
33.82 0.193768
33.84 0.194946
33.86 0.196075
33.88 0.197154
33.9 0.198182
33.92 0.19916
33.94 0.200088
33.96 0.200964
33.98 0.201789
34 0.202562
34.02 0.203284
34.04 0.203955
34.06 0.204573
34.08 0.205139
34.1 0.205653
34.12 0.206114
34.14 0.206523
34.16 0.206879
34.18 0.207182
34.2 0.207433
34.22 0.207631
34.24 0.207776
34.26 0.207868
34.28 0.207906
34.3 0.207892
34.32 0.207825
34.34 0.207705
34.36 0.207532
34.38 0.207306
34.4 0.207028
34.42 0.206696
34.44 0.206312
34.46 0.205875
34.48 0.205386
34.5 0.204845
34.52 0.204251
34.54 0.203605
34.56 0.202907
34.58 0.202158
34.6 0.201357
34.62 0.200505
34.64 0.199601
34.66 0.198647
34.68 0.197642
34.7 0.196587
34.72 0.195481
34.74 0.194326
34.76 0.193121
34.78 0.191867
34.8 0.190564
34.82 0.189213
34.84 0.187813
34.86 0.186365
34.88 0.18487
34.9 0.183328
34.92 0.181739
34.94 0.180103
34.96 0.178422
34.98 0.176695
35 0.174923
35.02 0.173107
35.04 0.171246
35.06 0.169342
35.08 0.167395
35.1 0.165405
35.12 0.163372
35.14 0.161298
35.16 0.159183
35.18 0.157028
35.2 0.154832
35.22 0.152597
35.24 0.150323
35.26 0.14801
35.28 0.14566
35.3 0.143273
35.32 0.140849
35.34 0.138389
35.36 0.135894
35.38 0.133364
35.4 0.1308
35.42 0.128203
35.44 0.125573
35.46 0.122911
35.48 0.120218
35.5 0.117494
35.52 0.11474
35.54 0.111957
35.56 0.109145
35.58 0.106305
35.6 0.103438
35.62 0.100545
35.64 0.0976263
35.66 0.0946825
35.68 0.0917146
35.7 0.0887233
35.72 0.0857093
35.74 0.0826734
35.76 0.0796164
35.78 0.0765391
35.8 0.0734423
35.82 0.0703267
35.84 0.0671931
35.86 0.0640424
35.88 0.0608753
35.9 0.0576926
35.92 0.0544953
35.94 0.051284
35.96 0.0480595
35.98 0.0448229
36 0.0415747
36.02 0.0383159
36.04 0.0350473
36.06 0.0317698
36.08 0.0284841
36.1 0.0251911
36.12 0.0218917
36.14 0.0185866
36.16 0.0152768
36.18 0.0119631
36.2 0.00864627
36.22 0.00532722
36.24 0.00200678
36.26 -0.0013142
36.28 -0.00463487
36.3 -0.00795438
36.32 -0.0112719
36.34 -0.0145866
36.36 -0.0178975
36.38 -0.021204
36.4 -0.024505
36.42 -0.0277999
36.44 -0.0310876
36.46 -0.0343675
36.48 -0.0376386
36.5 -0.0409001
36.52 -0.0441513
36.54 -0.0473912
36.56 -0.050619
36.58 -0.053834
36.6 -0.0570352
36.62 -0.0602219
36.64 -0.0633933
36.66 -0.0665485
36.68 -0.0696867
36.7 -0.0728072
36.72 -0.0759092
36.74 -0.0789918
36.76 -0.0820543
36.78 -0.0850958
36.8 -0.0881157
36.82 -0.0911131
36.84 -0.0940873
36.86 -0.0970374
36.88 -0.0999629
36.9 -0.102863
36.92 -0.105737
36.94 -0.108583
36.96 -0.111402
36.98 -0.114193
37 -0.116955
37.02 -0.119686
37.04 -0.122387
37.06 -0.125057
37.08 -0.127695
37.1 -0.130301
37.12 -0.132873
37.14 -0.135411
37.16 -0.137915
37.18 -0.140384
37.2 -0.142817
37.22 -0.145213
37.24 -0.147572
37.26 -0.149894
37.28 -0.152177
37.3 -0.154422
37.32 -0.156627
37.34 -0.158792
37.36 -0.160916
37.38 -0.163
37.4 -0.165042
37.42 -0.167042
37.44 -0.168999
37.46 -0.170913
37.48 -0.172783
37.5 -0.17461
37.52 -0.176391
37.54 -0.178128
37.56 -0.179819
37.58 -0.181465
37.6 -0.183063
37.62 -0.184616
37.64 -0.186121
37.66 -0.187578
37.68 -0.188988
37.7 -0.190349
37.72 -0.191662
37.74 -0.192926
37.76 -0.194141
37.78 -0.195306
37.8 -0.196421
37.82 -0.197486
37.84 -0.1985
37.86 -0.199464
37.88 -0.200377
37.9 -0.201239
37.92 -0.202049
37.94 -0.202807
37.96 -0.203514
37.98 -0.204169
38 -0.204772
38.02 -0.205322
38.04 -0.20582
38.06 -0.206266
38.08 -0.206658
38.1 -0.206998
38.12 -0.207285
38.14 -0.207519
38.16 -0.2077
38.18 -0.207828
38.2 -0.207903
38.22 -0.207924
38.24 -0.207893
38.26 -0.207808
38.28 -0.207671
38.3 -0.20748
38.32 -0.207236
38.34 -0.206939
38.36 -0.20659
38.38 -0.206187
38.4 -0.205732
38.42 -0.205224
38.44 -0.204664
38.46 -0.204052
38.48 -0.203387
38.5 -0.20267
38.52 -0.201902
38.54 -0.201082
38.56 -0.20021
38.58 -0.199287
38.6 -0.198314
38.62 -0.197289
38.64 -0.196215
38.66 -0.19509
38.68 -0.193915
38.7 -0.19269
38.72 -0.191417
38.74 -0.190094
38.76 -0.188723
38.78 -0.187303
38.8 -0.185836
38.82 -0.184321
38.84 -0.182759
38.86 -0.18115
38.88 -0.179495
38.9 -0.177793
38.92 -0.176047
38.94 -0.174255
38.96 -0.172419
38.98 -0.170539
39 -0.168615
39.02 -0.166648
39.04 -0.164638
39.06 -0.162586
39.08 -0.160493
39.1 -0.158358
39.12 -0.156183
39.14 -0.153968
39.16 -0.151714
39.18 -0.14942
39.2 -0.147089
39.22 -0.14472
39.24 -0.142314
39.26 -0.139871
39.28 -0.137393
39.3 -0.134879
39.32 -0.132331
39.34 -0.129749
39.36 -0.127134
39.38 -0.124486
39.4 -0.121806
39.42 -0.119096
39.44 -0.116354
39.46 -0.113583
39.48 -0.110783
39.5 -0.107954
39.52 -0.105098
39.54 -0.102215
39.56 -0.0993056
39.58 -0.0963709
39.6 -0.0934114
39.62 -0.0904279
39.64 -0.0874214
39.66 -0.0843923
39.68 -0.0813417
39.7 -0.0782702
39.72 -0.0751787
39.74 -0.0720678
39.76 -0.0689385
39.78 -0.0657915
39.8 -0.0626276
39.82 -0.0594476
39.84 -0.0562524
39.86 -0.0530428
39.88 -0.0498195
39.9 -0.0465834
39.92 -0.0433354
39.94 -0.0400762
39.96 -0.0368067
39.98 -0.0335278
40 -0.0302402


